
$molecule
Ti    -2.986078   6.597938  -3.532404
 O    -2.262108   7.431930  -4.950143
 O    -3.016316   7.707421  -2.116616
 O    -4.677119   6.155682  -3.871894
 O    -2.021988   5.147333  -3.160439
 C    -1.369021   7.348912  -6.015342
 C    -1.899383   6.514028  -7.173973
 H    -1.160014   8.366755  -6.369000
 H    -2.878004   6.928943  -7.444830
 C    -3.955907   8.347335  -1.308016
 C    -4.178391   9.798134  -1.712202
 H    -4.917370   7.812234  -1.351970
 H    -3.209105  10.306000  -1.638575
 C    -5.864807   5.787173  -4.491375
 C    -5.881471   6.087606  -5.983137
 H    -6.695197   6.320105  -4.005949
 H    -5.031538   5.555729  -6.428045
 C    -1.632515   3.981990  -2.509200
 C    -2.789164   3.016268  -2.278241
 H    -1.176264   4.244832  -1.545470
 H    -2.341885   2.142191  -1.786587
 H    -3.606970   8.307209  -0.268023
 H    -6.031257   4.713172  -4.331260
 H    -0.415881   6.920720  -5.670470
 H    -0.862732   3.487820  -3.116505
 C    -5.717577   7.573800  -6.253705
 H    -6.544482   8.139091  -5.811685
 H    -4.784849   7.955169  -5.836682
 H    -5.714628   7.775545  -7.327898
 C    -7.164761   5.546431  -6.593686
 H    -7.270630   4.471651  -6.424636
 H    -8.040412   6.041860  -6.162542
 H    -7.186881   5.720193  -7.671630
 C    -5.149011  10.450950  -0.740118
 H    -6.129430   9.966047  -0.785053
 H    -4.791262  10.386669   0.290912
 H    -5.292797  11.506805  -0.979532
 C    -4.671239   9.904106  -3.145617
 H    -4.844528  10.946627  -3.423643
 H    -3.947476   9.489374  -3.850017
 H    -5.615009   9.363211  -3.271357
 C    -2.078259   5.057132  -6.781215
 H    -2.501562   4.477933  -7.605690
 H    -1.116276   4.608637  -6.513994
 H    -2.741384   4.941934  -5.921851
 C    -0.965559   6.648490  -8.367062
 H     0.033269   6.272633  -8.123648
 H    -1.333873   6.073778  -9.219710
 H    -0.863602   7.689959  -8.682304
 C    -3.836195   3.606309  -1.345134
 H    -3.392057   3.931907  -0.401031
 H    -4.326642   4.468949  -1.803324
 H    -4.612086   2.871547  -1.117267
 C    -3.407571   2.565101  -3.592927
 H    -4.192252   1.824366  -3.421992
 H    -3.856468   3.412370  -4.116422
 H    -2.660286   2.120087  -4.254957
$end
$temperature
298.15
$end
$mult
 1
$end
$sigma
 1
$end
$pressure
1.00000
$end
$scale
0.983
$end
$msrrho
$end
$freq
6.46
14.62
21.79
23.66
28.89
31.38
39.53
49.96
51.96
53.84
56.95
71.58
99.00
102.91
112.58
132.85
150.91
175.80
183.91
204.74
215.51
217.72
219.17
227.75
239.08
242.13
249.03
252.38
265.79
270.19
276.30
289.27
300.36
333.99
346.91
350.06
366.73
373.24
411.67
413.10
415.11
425.03
450.57
463.47
530.45
637.57
678.82
686.81
702.57
808.95
835.68
837.02
838.22
912.76
913.38
913.80
915.14
923.13
928.28
931.17
948.43
961.86
962.00
962.81
976.09
978.46
979.08
981.31
983.40
1078.23
1142.31
1150.40
1157.85
1163.21
1168.20
1172.21
1178.64
1183.41
1183.77
1188.28
1198.32
1199.15
1202.82
1213.29
1242.41
1276.60
1282.04
1283.75
1285.04
1322.36
1323.13
1327.25
1348.55
1358.69
1368.70
1369.08
1370.83
1387.69
1390.53
1391.99
1393.72
1395.62
1396.63
1397.12
1398.95
1413.47
1415.23
1416.65
1419.85
1472.96
1474.67
1475.16
1477.86
1481.46
1482.38
1483.64
1486.17
1489.11
1492.15
1493.10
1494.31
1495.24
1495.63
1496.45
1500.77
1501.63
1503.64
1506.49
1509.75
2979.62
2988.13
2992.74
3000.69
3025.02
3026.15
3027.25
3029.15
3036.68
3038.57
3039.04
3039.70
3040.41
3040.48
3042.15
3044.49
3045.23
3046.16
3047.05
3048.82
3106.28
3106.70
3108.01
3111.02
3111.88
3113.57
3118.06
3120.02
3121.07
3121.61
3122.42
3122.94
3127.03
3127.71
3128.10
3141.92
$end
