
$molecule
Ti     0.186466  -5.673517   2.166462
 O    -1.483836  -6.201637   1.797084
 O     1.145804  -7.082519   2.760406
 O     0.895341  -5.053328   0.642737
 O     0.198659  -4.390500   3.417695
 C    -2.397805  -6.388102   0.758346
 C    -1.841976  -7.280229  -0.335161
 H    -3.310925  -6.832307   1.175324
 H    -1.555686  -8.238463   0.111167
 H    -0.925488  -6.822286  -0.721311
 C     1.373536  -8.404352   2.372426
 C     2.072663  -8.503841   1.029283
 H     1.987457  -8.888851   3.143214
 H     3.017212  -7.953742   1.085844
 H     1.462898  -7.995826   0.274450
 C     1.726181  -4.131456   0.005722
 C     3.181126  -4.559761   0.041331
 H     1.617936  -3.148218   0.486434
 H     3.753646  -3.839860  -0.554187
 H     3.271519  -5.527976  -0.461924
 C    -0.589271  -3.406586   4.019528
 C    -0.751077  -2.180188   3.140134
 H    -0.116829  -3.123447   4.967617
 H     0.241482  -1.769909   2.926416
 H    -1.286186  -1.422435   3.723133
 H     0.419335  -8.950236   2.332881
 H     1.393433  -4.026881  -1.034363
 H    -2.676424  -5.413111   0.334735
 H    -1.578779  -3.822771   4.256071
 C     2.320935  -9.945096   0.622101
 H     2.945756 -10.462606   1.355217
 H     1.382474 -10.500259   0.538270
 H     2.826922 -10.003758  -0.343427
 C     3.747017  -4.644450   1.447467
 H     3.652643  -3.687193   1.967915
 H     3.227276  -5.398740   2.042194
 H     4.805604  -4.912429   1.430834
 C    -2.839043  -7.497226  -1.459182
 H    -3.118828  -6.550238  -1.928709
 H    -2.424894  -8.141671  -2.236752
 H    -3.755239  -7.967910  -1.092274
 C    -1.494863  -2.457377   1.845598
 H    -0.949391  -3.160973   1.211556
 H    -2.481852  -2.885029   2.043355
 H    -1.635541  -1.542271   1.266527
$end
$temperature
298.15
$end
$mult
 1
$end
$sigma
 1
$end
$pressure
1.00000
$end
$scale
0.983
$end
$msrrho
$end
$freq
16.06
17.32
23.57
30.09
33.73
38.06
40.84
41.21
48.85
56.62
64.65
71.60
111.64
117.19
125.67
143.82
164.75
184.85
205.72
223.97
225.27
231.39
238.38
253.96
260.43
286.66
295.05
323.07
332.94
435.74
451.23
459.88
479.77
581.47
635.66
669.01
674.90
755.10
761.25
787.11
788.77
884.77
886.68
892.38
893.46
904.30
904.98
914.67
916.48
1025.69
1030.35
1063.05
1064.76
1109.37
1112.73
1132.77
1135.25
1147.40
1160.42
1162.14
1166.37
1172.27
1179.00
1179.53
1213.66
1270.68
1271.88
1276.33
1277.23
1302.23
1304.70
1319.61
1320.16
1330.07
1330.78
1371.12
1372.17
1392.97
1394.71
1404.15
1405.10
1406.73
1407.99
1412.16
1414.97
1466.51
1467.12
1480.18
1485.90
1486.68
1487.38
1490.95
1491.33
1494.21
1495.10
1496.89
1497.54
1502.77
1505.17
1506.79
1508.56
2989.53
2993.10
2999.69
3000.88
3028.55
3033.50
3035.48
3036.45
3043.44
3043.83
3045.41
3046.63
3047.05
3047.43
3049.39
3053.80
3080.77
3081.62
3084.19
3085.12
3115.49
3116.91
3118.58
3119.62
3123.09
3125.10
3126.88
3128.60
$end
