
$molecule
Ti    -0.365985  -0.000136   0.000185
 C    -1.585773   2.091058   1.847180
 C    -0.260979   2.727532   2.248494
 H     0.113382   3.361699   1.441396
 H    -0.378639   3.344556   3.142277
 H     0.480281   1.952551   2.456988
 O    -1.388767   1.304827   0.691085
 C     1.422808   1.668801  -1.908222
 C     0.516641   2.871678  -2.128899
 H    -0.315105   2.602362  -2.783206
 H     0.103404   3.211739  -1.177127
 H     1.067038   3.696614  -2.586959
 O     0.669600   0.642640  -1.307308
 C     1.424723  -1.669384   1.906505
 C     1.948608  -1.136862   3.232713
 H     2.544886  -1.893066   3.748262
 H     2.572519  -0.256633   3.064671
 H     1.116280  -0.851756   3.879526
 O     0.670704  -0.643184   1.306662
 C    -1.588010  -2.091353  -1.845278
 C    -2.104381  -1.189520  -2.958471
 H    -2.294939  -1.761805  -3.869374
 H    -3.033334  -0.706384  -2.649206
 H    -1.368068  -0.414283  -3.182390
 O    -1.389906  -1.304893  -0.689558
 C     0.519101  -2.872616   2.127457
 H     1.070200  -3.697701   2.584400
 H    -0.312016  -2.603893   2.782804
 H     0.104916  -3.212211   1.175932
 C     2.577803  -2.023066   0.977005
 H     2.195381  -2.379750   0.017992
 H     3.195589  -1.141659   0.793598
 H     3.205208  -2.804224   1.412227
 C     1.945748   1.135883  -3.234637
 H     2.569847   0.255761  -3.066714
 H     1.112980   0.850455  -3.880737
 H     2.541662   1.891920  -3.750847
 C     2.576534   2.023253  -0.979825
 H     3.203369   2.804368  -1.415945
 H     2.194789   2.380254  -0.020664
 H     3.194781   1.142142  -0.796521
 C    -2.613746  -3.159283  -1.495434
 H    -2.814604  -3.803168  -2.354926
 H    -2.246838  -3.778726  -0.674428
 H    -3.549360  -2.692663  -1.181771
 C    -0.263620  -2.727976  -2.247725
 H    -0.382046  -3.344980  -3.141414
 H     0.477526  -1.953044  -2.456809
 H     0.111403  -3.362143  -1.440934
 C    -2.611778   3.159097   1.498484
 H    -2.811930   3.802731   2.358328
 H    -2.245527   3.778773   0.677360
 H    -3.547646   2.692583   1.185430
 C    -2.101190   1.188998   2.960611
 H    -1.364845   0.413535   3.183626
 H    -2.290881   1.761043   3.871846
 H    -3.030493   0.706076   2.652046
$end
$temperature
298.15
$end
$mult
 1
$end
$sigma
 1
$end
$pressure
1.00000
$end
$scale
0.983
$end
$msrrho
$end
$freq
11.07
20.36
21.49
23.03
23.81
29.16
31.97
38.10
38.46
46.07
63.08
67.98
137.91
150.11
168.54
176.18
181.43
209.01
210.91
219.01
219.13
249.62
264.36
266.41
269.79
271.95
272.59
272.78
282.15
282.32
323.90
327.47
331.35
338.88
344.72
347.13
353.02
353.74
373.53
378.00
383.63
457.41
460.96
463.47
464.14
472.84
474.07
481.90
484.06
561.79
606.00
619.09
623.18
807.07
811.10
811.45
811.49
919.37
919.45
920.75
920.79
922.76
922.97
924.09
924.12
953.14
953.48
954.39
954.40
1034.04
1037.90
1043.45
1043.92
1045.44
1045.85
1046.24
1046.74
1047.99
1048.30
1056.87
1080.67
1214.60
1214.65
1217.34
1259.34
1264.91
1265.00
1265.43
1265.87
1267.05
1267.69
1269.99
1271.35
1383.98
1384.21
1385.18
1385.22
1386.02
1386.19
1386.91
1386.96
1409.39
1409.72
1411.22
1412.33
1458.91
1459.68
1460.18
1460.20
1471.62
1472.48
1472.51
1473.25
1474.69
1475.44
1476.25
1476.43
1486.43
1486.59
1487.14
1488.06
1488.86
1489.05
1490.31
1490.65
1505.90
1505.97
1508.81
1509.08
3045.05
3045.08
3047.85
3047.91
3048.01
3048.07
3048.78
3048.79
3054.00
3054.20
3055.31
3055.48
3124.70
3124.72
3126.76
3126.81
3128.30
3128.32
3128.68
3128.70
3129.58
3129.69
3130.03
3130.15
3133.50
3133.52
3134.07
3134.30
3134.57
3134.89
3135.27
3135.31
3137.11
3137.53
3137.54
3137.90
$end
