
$molecule
Ti     0.014514  -0.197073  -0.263399
 O    -0.843737  -1.762392  -0.180282
 O     1.164375  -0.239489  -1.649397
 O     0.896302   0.094309   1.267562
 O    -1.100051   1.187856  -0.485312
 C    -1.953855  -2.586678  -0.354886
 C    -3.254919  -1.817301  -0.286170
 H    -1.866460  -3.095491  -1.323396
 H    -4.102913  -2.489778  -0.438282
 H    -3.367002  -1.335208   0.687431
 H    -3.284620  -1.041974  -1.054830
 C     1.955508   0.620116  -2.415038
 C     3.152273   1.126008  -1.637864
 H     2.291003   0.073568  -3.305183
 H     3.766151   1.779319  -2.263316
 H     2.831951   1.690691  -0.758895
 H     3.768913   0.290941  -1.299024
 C     1.564234  -0.474049   2.354017
 C     3.006101  -0.783348   2.015203
 H     1.044038  -1.388941   2.666645
 H     3.061608  -1.496398   1.189629
 H     3.533735   0.125158   1.718152
 H     3.517095  -1.214512   2.879827
 C    -1.595496   2.325774   0.158781
 C    -2.897103   2.033241   0.871963
 H    -1.745809   3.109229  -0.593937
 H    -3.645365   1.661059   0.169465
 H    -2.747955   1.278669   1.647688
 H    -3.285032   2.939528   1.343921
 H     1.348780   1.466290  -2.765399
 H     1.516524   0.230059   3.193885
 H    -1.933360  -3.363416   0.419739
 H    -0.849575   2.696745   0.873961
$end
$temperature
298.15
$end
$mult
 1
$end
$sigma
 1
$end
$pressure
1.00000
$end
$scale
0.983
$end
$msrrho
$end
$freq
9.90
16.17
19.15
26.60
34.47
37.95
46.51
48.04
52.07
55.80
61.87
81.44
157.17
188.98
213.23
220.54
235.96
264.79
272.26
279.16
283.55
408.49
422.47
428.77
435.38
543.35
631.10
636.42
642.10
803.64
805.51
805.80
806.25
935.01
939.79
942.24
943.97
1102.12
1104.86
1105.03
1105.79
1160.50
1163.98
1168.81
1170.43
1175.14
1176.45
1184.22
1228.91
1303.54
1304.42
1304.94
1307.21
1383.73
1384.18
1384.71
1386.41
1403.95
1404.82
1407.00
1409.05
1472.92
1473.29
1475.24
1476.14
1481.08
1482.25
1490.62
1491.31
1506.16
1507.18
1508.10
1509.24
3003.12
3008.31
3009.69
3012.10
3038.99
3042.86
3043.47
3045.67
3047.24
3048.98
3049.65
3049.86
3124.69
3126.73
3128.16
3128.65
3131.31
3132.64
3134.48
3134.60
$end
