
$molecule
Ti     2.140638  -1.055427  -0.574215
 O     2.988965  -1.348955  -2.122734
 O     2.729984   0.476640   0.138580
 O     0.370302  -0.902160  -0.844994
 O     2.485871  -2.435728   0.524141
 C     3.042215  -1.209815  -3.515970
 C     3.209251   0.253424  -3.880036
 C     1.809926  -1.826260  -4.149792
 H     3.929841  -1.760304  -3.858410
 H     4.089991   0.670030  -3.388241
 H     3.323093   0.374471  -4.959853
 H     2.334004   0.824183  -3.558034
 H     1.723822  -2.878833  -3.873585
 H     0.911120  -1.309633  -3.803904
 H     1.857303  -1.755811  -5.239016
 C     3.620627   1.162483   0.974712
 C     5.027626   1.066116   0.415779
 C     3.522958   0.629085   2.391104
 H     3.313423   2.217882   0.972153
 H     5.055240   1.434750  -0.611104
 H     5.725254   1.654666   1.016241
 H     5.363187   0.025515   0.415934
 H     2.501012   0.719566   2.764003
 H     3.800786  -0.427591   2.415303
 H     4.187052   1.181309   3.060169
 C    -0.683141   0.024176  -0.775874
 C    -0.408424   1.205944  -1.687869
 C    -0.902773   0.454170   0.662587
 H    -1.583927  -0.494943  -1.131341
 H    -0.259818   0.870364  -2.716284
 H    -1.243686   1.910177  -1.674150
 H     0.492607   1.730730  -1.358028
 H    -1.079056  -0.416446   1.296706
 H    -0.018804   0.980400   1.032782
 H    -1.763485   1.122564   0.741622
 C     3.266082  -3.598953   0.627029
 C     4.741271  -3.255972   0.527499
 C     2.842415  -4.603251  -0.428503
 H     3.068310  -4.025232   1.620227
 H     5.019785  -2.534734   1.298624
 H     5.358032  -4.148925   0.654084
 H     4.958592  -2.820947  -0.452103
 H     1.775490  -4.816779  -0.343348
 H     3.037574  -4.199914  -1.425770
 H     3.394610  -5.539583  -0.317966
$end
$temperature
298.15
$end
$mult
 1
$end
$sigma
 1
$end
$pressure
1.00000
$end
$scale
0.983
$end
$msrrho
$end
$freq
12.64
13.20
21.95
24.09
27.63
34.54
42.37
44.65
45.20
55.77
64.81
74.70
138.74
153.75
195.46
203.77
214.50
226.29
227.26
242.39
242.99
264.66
265.90
277.33
281.71
344.03
355.41
358.84
364.00
424.35
429.77
435.93
444.96
472.01
484.34
490.53
493.64
532.80
614.05
622.61
628.05
865.64
866.17
869.35
869.88
923.86
923.97
925.02
925.04
940.88
940.95
941.78
941.98
1027.72
1029.65
1039.66
1045.74
1160.55
1160.77
1160.89
1161.28
1173.24
1173.56
1176.43
1187.15
1189.68
1191.23
1193.45
1233.54
1358.78
1358.94
1358.99
1359.19
1366.82
1367.26
1367.44
1370.65
1388.97
1389.46
1390.95
1391.27
1400.70
1400.75
1403.73
1404.69
1469.57
1470.87
1471.25
1471.49
1474.50
1474.92
1478.29
1479.09
1482.26
1482.95
1484.64
1485.17
1496.79
1497.47
1500.33
1500.90
3001.99
3002.43
3006.59
3007.07
3043.58
3043.69
3046.58
3046.72
3048.47
3048.54
3050.99
3051.14
3121.22
3121.28
3123.27
3123.41
3128.25
3128.41
3129.61
3129.68
3131.43
3131.75
3133.23
3133.38
3135.80
3135.97
3135.99
3136.29
$end
