
$molecule
Ti    -5.949131   4.213575   6.730641
 O    -5.123223   5.799801   6.571842
 O    -4.734851   2.928521   7.037425
 O    -7.134742   4.223609   8.069026
 O    -6.806115   3.849069   5.198117
 C    -5.176865   7.094439   6.054596
 C    -6.447441   7.366507   5.269289
 H    -5.093507   7.807652   6.886556
 H    -6.534372   6.615447   4.475887
 H    -6.343754   8.339607   4.774821
 C    -4.552254   1.752387   7.770543
 C    -5.260606   0.567535   7.139871
 H    -3.475968   1.552168   7.829906
 H    -4.945030  -0.339714   7.668915
 H    -4.911961   0.463914   6.105720
 C    -8.414358   4.372831   8.595404
 C    -9.493756   3.969789   7.610968
 H    -8.559638   5.419676   8.897189
 H    -9.347052   2.919834   7.333951
 H    -9.366359   4.551439   6.691786
 C    -6.896790   2.984475   4.105021
 C    -8.318324   2.502463   3.895132
 H    -6.227822   2.126903   4.255160
 H    -8.647621   1.969723   4.794536
 H    -8.312248   1.767168   3.081398
 H    -4.916939   1.898181   8.797128
 H    -8.491868   3.763920   9.505803
 H    -4.303807   7.246880   5.407825
 H    -6.550044   3.515658   3.207920
 C    -6.775797   0.671136   7.168139
 H    -7.088220   1.607475   6.695505
 H    -7.112235   0.735008   8.209216
 C   -10.893804   4.175030   8.162147
 H   -11.011122   3.598288   9.086738
 H   -11.020891   5.226973   8.442597
 C    -7.706645   7.358377   6.119864
 H    -7.635277   8.148345   6.876332
 H    -7.766072   6.417934   6.676581
 C    -9.295057   3.620057   3.575173
 H    -8.963790   4.138185   2.667501
 H    -9.258041   4.360246   4.379034
 C   -10.718171   3.123866   3.394957
 H   -10.786085   2.405401   2.573200
 H   -11.075716   2.624171   4.299190
 H   -11.405660   3.944220   3.176629
 C    -8.973591   7.534808   5.302594
 H    -9.865397   7.514367   5.933643
 H    -8.969108   8.486511   4.763963
 H    -9.071371   6.737788   4.560626
 C    -7.462457  -0.489367   6.470607
 H    -8.550094  -0.393041   6.507475
 H    -7.170317  -0.541735   5.417970
 H    -7.197334  -1.444104   6.933177
 C   -11.976053   3.778993   7.173163
 H   -12.975054   3.937584   7.584963
 H   -11.897762   4.361967   6.251645
 H   -11.892027   2.723102   6.901544
$end
$temperature
298.15
$end
$mult
 1
$end
$sigma
 1
$end
$pressure
1.00000
$end
$scale
0.983
$end
$msrrho
$end
$freq
9.42
16.06
22.74
31.21
34.74
39.38
40.91
44.33
50.73
59.47
68.19
73.34
84.95
97.87
104.62
106.90
110.57
121.97
127.85
144.00
156.26
172.85
201.71
221.39
234.77
243.93
247.75
250.90
253.43
254.13
261.83
262.23
275.19
325.27
348.20
363.14
375.84
444.84
491.82
509.16
522.87
566.49
635.84
643.46
660.35
738.41
739.71
742.78
750.94
801.84
844.24
844.35
844.78
867.61
873.23
876.00
920.35
947.78
967.84
968.73
969.30
995.50
996.43
1000.98
1039.01
1073.34
1073.72
1075.06
1087.15
1125.40
1129.02
1134.88
1142.46
1161.19
1162.13
1163.00
1168.53
1172.95
1177.96
1181.01
1220.36
1250.53
1254.85
1256.20
1257.55
1276.76
1278.84
1282.47
1289.98
1314.83
1322.06
1323.52
1324.75
1325.54
1329.39
1337.65
1338.28
1380.95
1395.41
1395.91
1398.02
1399.53
1400.91
1402.27
1403.86
1404.92
1405.59
1407.35
1412.66
1462.15
1463.58
1464.52
1476.20
1479.87
1481.43
1483.01
1486.00
1489.50
1489.80
1490.10
1492.31
1496.02
1496.66
1497.79
1498.18
1498.83
1500.60
1502.26
1508.10
2997.95
2999.08
3000.61
3001.82
3026.58
3027.31
3027.97
3029.75
3031.69
3036.20
3038.24
3039.43
3041.27
3041.46
3041.78
3042.16
3043.91
3045.53
3046.05
3052.09
3058.59
3066.22
3068.71
3071.38
3086.26
3088.08
3090.95
3092.18
3113.99
3115.17
3115.56
3117.13
3117.54
3118.05
3119.88
3122.54
$end
