
$molecule
Ti    -0.023302  -0.025316  -0.017443
 O     1.035684   1.363296   0.384667
 O    -1.143549   0.441367  -1.337365
 O    -0.968326  -0.512898   1.428205
 O     0.977663  -1.413477  -0.551660
 C     1.632072   2.160385   1.372976
 C     1.958913   1.334280   2.608501
 C     0.725700   3.332160   1.695692
 H     2.573915   2.542217   0.951050
 H     1.016486   0.950284   3.014917
 H     2.378935   2.006817   3.363821
 H     0.506658   3.905702   0.793268
 H    -0.217829   2.972463   2.114903
 H     1.196458   3.998753   2.422079
 C    -1.694441   1.497658  -2.078464
 C    -0.650055   2.063560  -3.020836
 C    -2.263834   2.561413  -1.150947
 H    -2.520746   1.074345  -2.668760
 H    -1.072289   2.860920  -3.636971
 H     0.187275   2.471446  -2.448276
 H    -0.268676   1.282946  -3.681887
 H    -1.432346   2.995839  -0.584268
 H    -2.676507   3.364898  -1.770311
 C    -1.401768  -1.619624   2.177082
 C    -0.238327  -2.201345   2.956352
 C    -2.056452  -2.655287   1.274056
 H    -2.158779  -1.246898   2.882871
 H    -0.568060  -3.032622   3.584000
 H     0.526738  -2.567544   2.266663
 H     0.211761  -1.441808   3.598038
 H    -2.368775  -3.499104   1.898501
 H    -1.290386  -3.037331   0.589116
 C     1.497011  -2.104858  -1.657345
 C     2.312777  -1.166837  -2.535253
 C     0.371407  -2.770983  -2.424265
 H     2.170501  -2.878462  -1.259582
 H     1.633072  -0.412009  -2.948541
 H     2.694647  -1.743514  -3.384450
 H    -0.322092  -2.014882  -2.801233
 H     0.761742  -3.341613  -3.270235
 H    -0.183414  -3.451810  -1.775914
 C     2.921200   0.192187   2.338210
 H     3.124292  -0.374606   3.249331
 H     2.521963  -0.504620   1.597731
 H     3.876011   0.565063   1.956863
 C     3.457357  -0.494222  -1.799923
 H     4.030608   0.149586  -2.470431
 H     3.086585   0.121128  -0.978330
 H     4.143760  -1.235207  -1.380335
 C    -3.325278   2.033916  -0.202973
 H    -4.163955   1.599340  -0.754360
 H    -2.922127   1.258854   0.452075
 H    -3.719807   2.833357   0.427874
 C    -3.240316  -2.117182   0.491463
 H    -4.013071  -1.732413   1.163083
 H    -2.940136  -1.302851  -0.170927
 H    -3.691985  -2.898769  -0.123256
$end
$temperature
298.15
$end
$mult
 1
$end
$sigma
 1
$end
$pressure
1.00000
$end
$scale
0.983
$end
$msrrho
$end
$freq
7.45
17.51
24.11
26.45
32.91
34.11
38.28
42.96
47.43
59.31
60.89
72.59
114.26
120.07
124.26
131.71
137.21
151.03
177.55
189.01
191.20
226.89
227.87
230.84
232.16
245.03
246.87
251.67
253.27
254.10
265.61
271.90
273.14
363.69
369.54
376.24
391.63
466.23
474.63
476.46
477.62
486.98
495.19
495.81
502.28
535.59
613.83
617.33
619.45
795.19
797.72
799.01
799.97
839.98
840.31
840.71
841.01
957.90
958.67
959.16
961.55
986.92
987.22
987.52
988.43
1023.46
1024.45
1025.59
1031.53
1075.17
1075.78
1076.82
1084.37
1141.94
1142.25
1142.60
1143.23
1170.69
1174.25
1174.89
1186.52
1190.99
1191.50
1192.85
1220.08
1292.84
1294.09
1294.90
1296.66
1320.92
1320.98
1321.59
1321.94
1369.26
1370.30
1370.41
1373.31
1387.71
1388.88
1389.23
1390.96
1395.34
1395.93
1396.42
1397.33
1407.65
1408.71
1410.28
1411.44
1465.52
1466.88
1467.96
1468.42
1477.91
1478.84
1479.53
1480.84
1485.09
1487.91
1488.10
1489.12
1490.13
1490.32
1492.31
1493.71
1494.64
1495.59
1503.77
1504.90
2990.18
2992.72
2993.46
2994.17
3034.63
3036.67
3039.10
3040.25
3046.41
3046.70
3047.16
3047.59
3048.02
3048.10
3048.78
3049.01
3077.20
3078.28
3080.25
3081.35
3117.36
3117.63
3117.67
3117.90
3125.59
3126.38
3126.77
3127.74
3128.65
3130.77
3131.92
3132.27
3132.62
3133.68
3134.49
3136.57
$end
