
$molecule
Ti    10.453662   2.954223   2.169381
 C    10.440910  -0.009578   1.293538
 C     9.434363  -1.033345   1.799528
 H     9.668089  -2.030502   1.419299
 H     9.447452  -1.067069   2.890737
 H     8.427331  -0.762870   1.475668
 O    10.065990   1.241726   1.818942
 C    13.384831   3.933910   1.891430
 C    13.223952   4.642961   0.553971
 H    14.085098   5.282641   0.346444
 H    13.136865   3.907001  -0.247876
 H    12.320722   5.253742   0.544257
 O    12.229085   3.171183   2.144491
 C     8.686073   4.897390   0.537969
 C     7.433352   4.076954   0.210061
 H     6.664538   4.768339  -0.151255
 H     7.685030   3.421548  -0.630176
 O     9.713209   4.020675   0.936266
 C     9.396435   3.054695   5.086734
 C    10.638802   2.928951   5.975732
 H    11.141170   3.901858   5.967659
 H    10.302422   2.758779   7.004111
 O     9.807749   3.382459   3.781055
 C     8.433577   5.901071   1.655028
 H     7.607774   6.569233   1.399337
 H     8.198618   5.391600   2.589986
 H     9.328503   6.504912   1.819809
 C     9.163659   5.615053  -0.716651
 H    10.075175   6.177520  -0.504827
 H     9.381076   4.891506  -1.504925
 H     8.404056   6.310876  -1.080463
 C    14.561728   2.969836   1.838755
 H    14.414636   2.240021   1.039912
 H    15.495423   3.504642   1.650249
 H    14.651799   2.432697   2.785193
 C    13.585389   4.921697   3.046257
 H    13.713574   4.329966   3.958635
 H    14.531118   5.448371   2.879269
 C     8.593162   1.762375   5.041174
 H     7.692268   1.906102   4.441252
 H     9.172878   0.960271   4.583513
 H     8.295765   1.453769   6.046231
 C     8.526327   4.198447   5.588692
 H     9.091671   5.132647   5.583932
 H     7.654343   4.318715   4.942472
 H     8.178297   4.005864   6.606106
 C    10.376464   0.054655  -0.236717
 H    10.622337  -0.939747  -0.624452
 H     9.334178   0.248459  -0.510580
 C    11.838205  -0.353755   1.791538
 H    12.549870   0.428506   1.525865
 H    11.831381  -0.442472   2.880038
 H    12.180457  -1.301481   1.369135
 C    11.267856   1.097858  -0.884932
 H    11.000893   2.106817  -0.562879
 H    12.323202   0.936760  -0.654899
 H    11.160867   1.067238  -1.971597
 C    11.623412   1.848523   5.567502
 H    11.183653   0.850630   5.627001
 H    11.982748   2.001814   4.547654
 H    12.495624   1.859788   6.225095
 C    12.463603   5.923824   3.247724
 H    12.341329   6.580384   2.383624
 H    11.510576   5.423555   3.432628
 H    12.670571   6.558413   4.112462
 C     6.882845   3.241733   1.351277
 H     5.996800   2.691331   1.026993
 H     7.612462   2.505086   1.694800
 H     6.592616   3.855571   2.206616
$end
$temperature
298.15
$end
$mult
 1
$end
$sigma
 1
$end
$pressure
1.00000
$end
$scale
0.983
$end
$msrrho
$end
$freq
12.99
16.42
21.21
25.14
26.53
31.30
39.89
41.79
44.58
60.35
67.09
71.19
88.74
90.42
104.50
105.22
137.50
147.10
159.74
163.79
166.80
214.45
215.88
217.10
218.26
235.41
240.88
244.28
245.02
247.54
255.57
257.20
262.25
270.10
270.89
273.15
273.71
283.58
335.82
337.11
350.01
351.40
358.85
360.18
369.85
373.45
383.23
383.80
385.77
457.42
458.97
461.78
461.95
526.55
531.88
532.54
538.61
554.08
598.80
600.14
603.23
769.38
770.73
770.89
771.39
797.85
801.45
801.93
804.48
919.49
919.55
920.25
920.84
932.23
932.43
932.64
932.81
994.71
994.79
994.94
995.01
1016.72
1017.31
1017.46
1017.94
1049.21
1051.46
1053.21
1068.16
1073.55
1073.94
1074.89
1080.77
1091.43
1091.49
1091.58
1099.37
1205.80
1206.40
1207.06
1223.87
1224.08
1224.81
1224.93
1235.81
1256.26
1256.71
1256.94
1262.74
1319.51
1319.63
1320.12
1323.93
1366.17
1366.25
1366.69
1367.93
1386.01
1386.64
1387.04
1387.73
1403.32
1403.54
1404.21
1405.13
1405.67
1406.27
1406.80
1407.15
1459.27
1459.43
1460.47
1461.98
1469.98
1470.48
1471.70
1473.15
1476.16
1477.32
1477.75
1478.94
1483.78
1484.51
1485.33
1485.86
1490.98
1491.08
1492.01
1493.88
1499.09
1499.55
1500.96
1502.68
1503.16
1503.66
1504.97
1505.08
3040.61
3040.68
3040.72
3040.83
3049.65
3049.68
3050.00
3050.02
3052.85
3052.91
3052.99
3053.03
3056.42
3056.61
3056.87
3057.11
3080.77
3080.84
3080.85
3080.98
3121.00
3121.25
3121.57
3121.81
3126.79
3126.83
3127.76
3127.79
3129.88
3130.02
3130.88
3131.15
3133.26
3133.64
3133.69
3133.72
3134.23
3134.41
3134.53
3134.73
3146.83
3146.97
3147.62
3148.02
$end
