
$molecule
 C     1.940062   0.159765   0.038261
 C     0.572401  -0.500119   0.038807
 H     2.744555  -0.579089   0.039494
 H     2.070663   0.794754   0.919037
 H     2.071130   0.792306  -0.844205
 C    -0.572422   0.500172   0.037992
 H     0.477656  -1.152958   0.914410
 H     0.477544  -1.154239  -0.835832
 C    -1.940097  -0.159682   0.038029
 H    -0.477863   1.154174   0.912747
 H    -0.477346   1.153085  -0.837524
 H    -2.070880  -0.793664  -0.843444
 H    -2.744542   0.579226   0.037735
 H    -2.071070  -0.793198   0.919807
$end
$temperature
298.15
$end
$mult
 1
$end
$sigma
 1
$end
$pressure
1.00000
$end
$scale
0.983
$end
$msrrho
$end
$freq
120.38
221.51
256.39
259.37
426.69
734.05
807.78
854.41
958.69
978.87
1041.90
1090.60
1175.51
1206.31
1286.15
1316.95
1329.50
1395.14
1404.32
1406.21
1478.41
1482.35
1489.71
1491.49
1497.01
1502.95
3024.57
3033.43
3041.99
3042.37
3048.55
3072.68
3110.33
3113.75
3119.16
3119.98
$end
