
$molecule
 C     1.271368   0.514053  -0.000178
 C     2.534491  -0.329163   0.000189
 C    -0.000000  -0.318189   0.000115
 H     2.576129  -0.975299  -0.881138
 H     2.576081  -0.974592   0.882035
 H     3.433580   0.291157  -0.000033
 H     1.268965   1.173749  -0.875596
 H     1.268918   1.174428   0.874726
 C    -1.271372   0.514049  -0.000233
 H     0.000020  -0.980181  -0.875200
 H    -0.000018  -0.979492   0.875952
 C    -2.534496  -0.329167   0.000056
 H    -1.268921   1.173753  -0.875645
 H    -1.268966   1.174419   0.874676
 H    -2.576070  -0.974705   0.881824
 H    -3.433584   0.291154  -0.000076
 H    -2.576149  -0.975195  -0.881349
$end
$temperature
298.15
$end
$mult
 1
$end
$sigma
 1
$end
$pressure
1.00000
$end
$scale
0.983
$end
$msrrho
$end
$freq
107.93
111.56
175.69
241.62
248.95
394.51
401.77
730.68
762.13
862.51
882.40
942.56
989.80
1050.16
1071.79
1098.37
1171.76
1204.84
1263.76
1285.29
1322.83
1328.46
1365.01
1402.94
1405.32
1407.37
1476.62
1479.04
1488.34
1490.16
1491.13
1497.48
1504.38
3015.98
3028.04
3035.18
3040.36
3041.68
3042.64
3060.21
3077.06
3111.83
3113.08
3119.28
3119.58
$end
