
$molecule
 C    -0.000001  -0.000001   0.000002
 C     0.876177  -0.885768  -0.880946
 H     0.265837  -1.532555  -1.517387
 H     1.515904  -0.282403  -1.531023
 H     1.522785  -1.525718  -0.274097
 C    -0.885765   0.876182  -0.880943
 H    -1.532541   0.265849  -1.517405
 H    -1.525730   1.522773  -0.274093
 H    -0.282397   1.515924  -1.531000
 C     0.885743   0.885743   0.871357
 H     0.282361   1.532520   1.514404
 H     1.532502   0.282363   1.514421
 H     1.525723   1.525706   0.257527
 C    -0.876154  -0.876158   0.890534
 H    -0.265799  -1.515944   1.534001
 H    -1.515949  -0.265804   1.533993
 H    -1.522693  -1.522705   0.290651
$end
$temperature
298.15
$end
$mult
 1
$end
$sigma
12
$end
$pressure
1.00000
$end
$scale
0.983
$end
$msrrho
$end
$freq
205.56
275.73
275.75
275.75
327.62
327.63
409.50
409.52
409.55
749.83
944.61
944.62
944.63
953.71
953.72
953.73
1083.61
1083.61
1283.89
1283.89
1283.89
1389.57
1389.59
1389.60
1427.42
1470.80
1470.80
1470.81
1479.73
1479.74
1508.95
1508.95
1508.96
3034.04
3034.05
3034.05
3043.70
3108.44
3108.45
3108.45
3110.01
3110.01
3115.29
3115.29
3115.29
$end
