
$molecule
 C     0.004415  -0.017657   0.369453
 C     1.304865  -0.632918  -0.111046
 C    -1.204922  -0.793160  -0.099297
 H     2.166191  -0.051835   0.232078
 H     1.420523  -1.650842   0.269138
 H     1.326028  -0.664630  -1.203249
 H    -2.122004  -0.314518   0.247543
 H    -1.228088  -0.828021  -1.191271
 H    -1.179296  -1.815885   0.282038
 H     0.006312  -0.000821   1.470387
 O    -0.148866   1.306037  -0.120645
 H     0.630940   1.810547   0.123805
$end
$temperature
298.15
$end
$mult
 1
$end
$sigma
 1
$end
$pressure
1.00000
$end
$scale
0.983
$end
$msrrho
$end
$freq
221.20
264.87
295.19
360.41
417.12
481.81
838.91
925.99
949.49
982.55
1097.39
1168.66
1194.23
1279.92
1371.05
1383.37
1404.71
1427.50
1473.09
1478.70
1490.06
1500.17
2979.21
3039.84
3055.08
3112.15
3126.29
3133.96
3141.53
3861.10
$end
