
$molecule
 C     0.546843  -0.511388  -0.038317
 C    -0.561774   0.440731   0.364740
 O     1.831117   0.072206   0.013690
 H     0.340208  -0.920004  -1.038917
 H     0.578827  -1.358875   0.651990
 H     1.840832   0.828291  -0.578540
 C    -1.925875  -0.227327   0.358370
 H    -0.334694   0.839775   1.358024
 H    -0.565597   1.295973  -0.322813
 H    -2.713487   0.472101   0.644420
 H    -2.173009  -0.617418  -0.632804
 H    -1.956759  -1.065523   1.059668
$end
$temperature
298.15
$end
$mult
 1
$end
$sigma
 1
$end
$pressure
1.00000
$end
$scale
0.983
$end
$msrrho
$end
$freq
134.48
223.45
255.79
299.80
464.89
758.25
888.28
899.19
1055.60
1087.21
1115.27
1150.23
1245.63
1312.09
1331.00
1385.32
1406.38
1423.13
1481.16
1491.99
1495.50
1509.75
2990.54
3026.41
3046.30
3073.19
3091.39
3116.76
3127.43
3858.20
$end
