
$molecule
 C    -1.812095   0.767796  -1.982796
 C    -0.342899   0.615476  -1.630833
 C    -0.085935   0.710774  -0.135798
 C     1.366376   0.534315   0.240439
 O     1.765009  -0.779599  -0.104654
 H    -1.975522   0.701903  -3.060757
 H    -2.203245   1.732181  -1.645622
 H    -2.412133  -0.013638  -1.508226
 H     0.241959   1.388125  -2.144097
 H     0.032103  -0.344836  -1.994278
 H    -0.675900  -0.047956   0.390787
 H    -0.421844   1.685012   0.237956
 H     1.493623   0.707324   1.317868
 H     1.977919   1.278070  -0.291610
 H     2.699095  -0.877865   0.089591
$end
$temperature
298.15
$end
$mult
 1
$end
$sigma
 1
$end
$pressure
1.00000
$end
$scale
0.983
$end
$msrrho
$end
$freq
89.11
141.30
223.57
244.48
274.05
346.03
509.86
744.01
844.86
859.41
975.04
982.53
1063.23
1096.53
1139.87
1163.35
1234.65
1258.14
1300.40
1328.16
1334.40
1404.21
1405.53
1451.05
1466.13
1486.15
1491.07
1501.12
1513.22
2986.30
3017.49
3033.03
3039.53
3042.93
3073.09
3092.18
3115.38
3119.62
3880.82
$end
