
$molecule
 C     0.000000   0.574684   0.000001
 C     1.264313  -0.267664  -0.000002
 C    -1.264313  -0.267663   0.000002
 H     0.000002   1.233674   0.874669
 H    -0.000001   1.233677  -0.874665
 H     2.163398   0.352810   0.000005
 H     1.305376  -0.913765   0.881557
 H     1.305380  -0.913747  -0.881574
 H    -2.163400   0.352809  -0.000012
 H    -1.305370  -0.913766  -0.881556
 H    -1.305384  -0.913744   0.881575
$end
$temperature
298.15
$end
$mult
 1
$end
$sigma
 2
$end
$pressure
1.00000
$end
$scale
0.983
$end
$msrrho
$end
$freq
222.24
271.32
365.90
748.55
893.41
907.34
928.80
1083.48
1179.25
1210.28
1314.75
1362.83
1398.85
1412.94
1480.82
1482.82
1488.57
1499.07
1504.55
3039.25
3039.40
3042.66
3066.53
3106.02
3116.53
3117.80
3120.29
$end
