
$molecule
 C     0.000002  -0.000030   0.365540
 H     0.000002  -0.000016   1.463047
 C    -0.000009   1.447581  -0.103041
 C    -1.253697  -0.723811  -0.103017
 C     1.253706  -0.723797  -0.103022
 H    -0.000063   1.498091  -1.196676
 H    -0.883961   1.982207   0.253956
 H     0.883996   1.982185   0.253857
 H    -1.297528  -0.749073  -1.196648
 H    -1.274754  -1.756651   0.253962
 H    -2.158618  -0.225497   0.253963
 H     1.297600  -0.748950  -1.196652
 H     2.158623  -0.225560   0.254075
 H     1.274701  -1.756676   0.253845
$end
$temperature
298.15
$end
$mult
 1
$end
$sigma
 1
$end
$pressure
1.00000
$end
$scale
0.983
$end
$msrrho
$end
$freq
215.21
259.53
259.56
362.18
362.19
426.91
817.45
922.27
922.28
951.59
987.50
987.51
1200.18
1200.20
1209.41
1356.42
1356.43
1393.25
1393.25
1419.04
1471.64
1478.69
1478.71
1498.90
1498.90
1505.82
3021.05
3034.32
3034.34
3040.56
3103.86
3103.86
3112.69
3114.70
3118.17
3118.21
$end
