
$molecule
 C    -0.005844   0.000000  -0.027639
 O     0.203732   0.000007   1.383459
 C     1.384380  -0.000001  -0.635318
 C    -0.771287   1.252472  -0.432449
 C    -0.771281  -1.252478  -0.432442
 H     1.329999   0.000051  -1.725617
 H     1.936210   0.884730  -0.312502
 H     1.936178  -0.884786  -0.312589
 H    -0.908274   1.300468  -1.515352
 H    -0.231164   2.144523  -0.109687
 H    -1.763484   1.265381   0.029302
 H    -0.908257  -1.300486  -1.515346
 H    -0.231156  -2.144520  -0.109665
 H    -1.763483  -1.265387   0.029300
 H    -0.656982   0.000026   1.811510
$end
$temperature
298.15
$end
$mult
 1
$end
$sigma
 1
$end
$pressure
1.00000
$end
$scale
0.983
$end
$msrrho
$end
$freq
205.57
256.57
271.90
289.68
338.27
340.67
412.64
459.07
466.86
767.40
917.12
931.79
951.75
952.54
1028.77
1044.38
1162.77
1246.10
1267.64
1362.29
1388.90
1401.37
1416.98
1462.11
1471.16
1475.35
1489.48
1499.74
1507.98
3038.69
3043.33
3058.29
3110.14
3116.64
3132.40
3134.01
3139.29
3141.76
3848.18
$end
