
$molecule
 C    -1.146290  -1.992052   0.274993
 C    -0.782859  -0.619841  -0.266254
 C     0.475855  -0.006371   0.342458
 H    -1.252732  -1.968945   1.363517
 H    -0.388540  -2.740152   0.032659
 H    -2.093515  -2.341061  -0.142158
 H    -1.619624   0.066426  -0.094611
 H    -0.655129  -0.673607  -1.354921
 H     0.334367   0.025909   1.431550
 C     0.662764   1.420960  -0.150346
 C     1.718527  -0.836703   0.054212
 H     0.805811   1.438392  -1.235588
 H     1.538526   1.888918   0.306234
 H    -0.208472   2.039737   0.079540
 H     1.880510  -0.923402  -1.025334
 H     2.608411  -0.371826   0.485855
 H     1.642913  -1.846081   0.462923
$end
$temperature
298.15
$end
$mult
 1
$end
$sigma
 1
$end
$pressure
1.00000
$end
$scale
0.983
$end
$msrrho
$end
$freq
97.09
214.27
225.90
259.43
268.48
363.10
412.27
456.42
772.40
805.08
924.58
932.31
968.10
981.40
1032.97
1070.87
1177.61
1200.66
1206.21
1294.56
1321.94
1365.09
1382.68
1395.00
1404.65
1410.84
1471.37
1478.30
1486.86
1491.23
1496.10
1499.02
1505.96
3008.67
3025.01
3035.66
3040.52
3045.79
3062.76
3104.79
3110.17
3115.06
3116.91
3122.09
3128.97
$end
