
$molecule
 C    -0.861614  -0.044658  -3.721717
 H    -0.755747   0.029531  -2.634747
 H    -0.838177  -1.113508  -3.978386
 C    -2.197155   0.550938  -4.143420
 H    -2.246498   0.496905  -5.241147
 O     0.257602   0.625680  -4.261422
 H     0.224132   0.540681  -5.217629
 C    -3.338545  -0.280154  -3.578119
 H    -3.277537  -1.322935  -3.900474
 H    -3.320737  -0.266694  -2.483876
 H    -4.306416   0.113475  -3.896045
 C    -2.307348   2.008898  -3.728461
 H    -3.228495   2.458658  -4.106667
 H    -2.317180   2.094993  -2.637214
 H    -1.461427   2.588927  -4.100244
$end
$temperature
298.15
$end
$mult
 1
$end
$sigma
 1
$end
$pressure
1.00000
$end
$scale
0.983
$end
$msrrho
$end
$freq
133.84
216.35
231.94
262.41
283.99
345.40
424.04
498.06
836.63
902.94
927.81
957.99
980.83
1085.14
1124.91
1160.96
1203.78
1252.87
1323.70
1367.49
1384.82
1396.55
1401.80
1421.32
1478.77
1479.80
1494.55
1498.13
1504.65
2994.46
3001.06
3039.17
3043.40
3078.11
3108.44
3113.02
3122.30
3136.93
3857.33
$end
