
$molecule
 C    -0.883274   0.025693  -3.739161
 C    -0.736174  -1.464494  -3.409739
 H    -1.425067  -1.684612  -2.588339
 H     0.275425  -1.634630  -3.026063
 O    -2.216092   0.308185  -4.160787
 H    -2.357329  -0.118117  -5.010174
 C    -1.009734  -2.415295  -4.562221
 H    -2.023510  -2.292225  -4.954212
 H    -0.306698  -2.278672  -5.387006
 H    -0.924829  -3.452677  -4.232603
 C     0.099117   0.467171  -4.815936
 H    -0.077229  -0.060252  -5.757204
 H    -0.012160   1.536713  -5.003369
 H     1.130907   0.272957  -4.513070
 C    -0.685308   0.845735  -2.478311
 H    -0.813443   1.907791  -2.695035
 H    -1.420252   0.558710  -1.723825
 H     0.314714   0.690029  -2.068697
$end
$temperature
298.15
$end
$mult
 1
$end
$sigma
 1
$end
$pressure
1.00000
$end
$scale
0.983
$end
$msrrho
$end
$freq
87.51
211.10
234.92
254.08
262.75
292.83
341.71
367.95
412.63
459.16
524.32
741.40
780.33
899.00
936.29
968.04
997.24
1015.72
1053.90
1085.89
1149.62
1227.49
1258.67
1320.58
1330.77
1377.19
1399.65
1406.43
1414.79
1462.49
1473.03
1481.26
1491.48
1494.28
1500.31
1504.17
3043.18
3047.00
3048.66
3057.66
3084.12
3116.41
3118.71
3127.44
3132.87
3137.82
3140.10
3854.70
$end
