
$molecule
Ti     1.289694   0.614537  -1.866663
 O     2.267205   1.062843  -0.399144
 O    -0.060813  -0.513270  -1.418591
 O     0.593489   2.166588  -2.494132
 O     2.324208  -0.192182  -3.131014
 C     2.367363   2.199452   0.437626
 C     1.081850   2.429422   1.216921
 H     3.207990   2.039739   1.128281
 H     0.839414   1.550618   1.822839
 H     1.183152   3.293052   1.882884
 H     0.251284   2.621680   0.529010
 C    -0.773398  -0.883845  -0.252274
 C     0.090865  -1.718577   0.678730
 H    -1.133353   0.017297   0.268627
 H     0.969868  -1.147529   0.993873
 H    -0.477244  -2.008699   1.569083
 H     0.431161  -2.625380   0.170372
 C    -0.606004   2.723260  -2.994499
 C    -1.219886   1.842627  -4.071253
 H    -0.375490   3.718794  -3.400763
 H    -0.517433   1.708672  -4.899580
 H    -1.467668   0.858112  -3.661839
 H    -2.135956   2.298375  -4.461789
 C     3.369807   0.182750  -4.003652
 C     4.044022   1.479741  -3.577115
 H     2.962263   0.285584  -5.021036
 H     3.323963   2.305496  -3.577674
 H     4.460276   1.380434  -2.569459
 H     4.857100   1.733323  -4.265741
 H    -1.658061  -1.455815  -0.567546
 H    -1.316503   2.861664  -2.165321
 H     2.602054   3.084160  -0.173542
 H     4.106249  -0.634135  -4.025533
$end
$temperature
298.15
$end
$mult
 1
$end
$sigma
 1
$end
$pressure
1.00000
$end
$scale
1.0
$end
$msrrho
$end
$freq
25.07
36.34
42.30
46.45
50.35
59.63
67.59
78.75
84.31
91.26
95.83
106.86
158.48
184.35
203.99
214.40
234.90
286.45
293.67
299.36
303.74
438.65
442.66
457.10
459.87
525.31
599.93
622.39
627.21
818.94
820.19
820.53
821.57
905.08
910.26
913.51
915.54
1046.03
1051.72
1054.31
1075.36
1130.40
1135.30
1140.72
1166.06
1181.57
1185.16
1185.50
1189.10
1305.65
1306.59
1307.51
1308.56
1374.16
1375.83
1376.10
1389.50
1398.79
1401.17
1402.27
1403.59
1499.74
1501.94
1502.95
1503.94
1504.77
1507.36
1508.18
1509.18
1521.88
1526.01
1526.80
1530.48
2880.12
2885.09
2890.35
2893.53
2940.98
2964.46
2971.70
2972.54
2976.09
2977.89
2990.84
3044.07
3044.66
3046.81
3047.23
3050.63
3053.42
3061.45
3065.26
3421.26
$end
