
$molecule
Ti    -1.995773   4.339905  -1.072368
 O    -2.789631   5.766546  -1.868464
 O    -0.260332   4.302153  -1.606687
 O    -2.023296   4.440914   0.739891
 O    -2.914089   2.851310  -1.561222
 C    -4.095093   6.180776  -2.218310
 C    -4.875839   6.628541  -0.992953
 H    -4.007205   7.009893  -2.936259
 H    -4.356980   7.450122  -0.489162
 H    -5.876480   6.970641  -1.279961
 H    -4.982663   5.801757  -0.282290
 C     0.483605   4.559302  -2.780708
 C     0.283026   3.458982  -3.810627
 H     0.185620   5.534113  -3.198391
 H    -0.769800   3.396593  -4.106691
 H     0.883946   3.657143  -4.705225
 H     0.581332   2.490492  -3.396947
 C    -1.302556   5.064825   1.783080
 C    -1.599853   6.554726   1.841289
 H    -0.224066   4.894604   1.637233
 H    -1.299860   7.043024   0.907764
 H    -2.671042   6.724451   1.988939
 H    -1.054388   7.022275   2.668632
 C    -3.128565   1.543932  -1.067620
 C    -1.904639   0.668464  -1.284637
 H    -3.996757   1.120271  -1.594202
 H    -1.654516   0.619525  -2.349104
 H    -1.041338   1.075069  -0.746734
 H    -2.091778  -0.348611  -0.922422
 H     1.545552   4.628629  -2.501279
 H    -1.589548   4.582974   2.729683
 H    -4.619236   5.355456  -2.725872
 H    -3.380112   1.592008   0.003761
$end
$temperature
298.15
$end
$mult
 1
$end
$sigma
 1
$end
$pressure
1.00000
$end
$scale
1.0
$end
$msrrho
$end
$freq
13.01
15.36
24.04
25.93
35.60
41.71
42.10
48.94
64.72
69.54
69.98
101.92
168.21
184.03
202.02
203.15
228.29
276.72
279.97
280.24
280.78
423.67
427.27
427.58
436.53
537.58
623.79
629.01
629.80
814.45
814.47
815.03
815.63
921.23
921.48
922.45
923.24
1073.92
1074.33
1075.33
1083.04
1121.14
1121.50
1127.23
1153.28
1169.63
1169.71
1170.53
1175.07
1299.16
1299.22
1299.78
1300.28
1379.64
1379.87
1379.88
1382.30
1400.02
1400.12
1401.98
1403.26
1475.30
1475.39
1476.20
1476.22
1483.11
1483.18
1488.11
1488.91
1504.09
1504.11
1505.19
1505.45
2966.63
2966.88
2967.04
2968.78
3007.34
3007.38
3007.55
3007.75
3011.55
3011.80
3011.90
3012.26
3094.84
3095.02
3095.34
3095.68
3102.58
3102.77
3103.49
3103.61
$end
