
$molecule
Ti     2.424248  -0.808053  -0.736897
 O     3.418728  -1.229879  -2.198228
 O     2.850313   0.842357  -0.106995
 O     0.669203  -0.813641  -1.208124
 O     2.758278  -2.030669   0.565493
 C     3.422815  -0.985775  -3.598286
 C     3.029550   0.460788  -3.878278
 C     2.496549  -1.978378  -4.289298
 H     4.454937  -1.150388  -3.945951
 H     3.679281   1.147766  -3.328222
 H     3.107101   0.684609  -4.947248
 H     1.994357   0.633741  -3.561606
 H     2.807225  -3.004494  -4.073401
 H     1.471351  -1.840443  -3.929195
 H     2.512348  -1.830825  -5.374228
 C     3.835172   1.454716   0.714363
 C     5.206742   0.856245   0.420980
 C     3.441481   1.302813   2.178032
 H     3.847230   2.524329   0.451233
 H     5.438729   0.934343  -0.645201
 H     5.986484   1.374724   0.988614
 H     5.219369  -0.203336   0.702009
 H     2.457238   1.745025   2.356456
 H     3.400359   0.240454   2.441792
 H     4.169398   1.799851   2.827720
 C    -0.564732  -0.276346  -0.751746
 C    -0.720151   1.148113  -1.268591
 C    -0.635738  -0.348728   0.769903
 H    -1.361830  -0.905793  -1.178016
 H    -0.669060   1.165450  -2.360954
 H    -1.682257   1.569048  -0.958338
 H     0.084517   1.776023  -0.871083
 H    -0.469676  -1.374092   1.112825
 H     0.135885   0.293635   1.210250
 H    -1.613608  -0.012384   1.129745
 C     3.002386  -3.425128   0.689512
 C     4.477580  -3.707081   0.434524
 C     2.094834  -4.201618  -0.258655
 H     2.755014  -3.699370   1.727190
 H     5.100702  -3.139912   1.131676
 H     4.694817  -4.772806   0.561172
 H     4.739516  -3.412618  -0.587515
 H     1.046845  -3.939655  -0.086335
 H     2.346601  -3.959732  -1.297872
 H     2.215015  -5.280439  -0.115073
$end
$temperature
298.15
$end
$mult
 1
$end
$sigma
 1
$end
$pressure
1.00000
$end
$scale
1.0
$end
$msrrho
$end
$freq
24.21
24.47
25.06
31.43
38.26
41.92
42.49
46.45
58.24
71.66
71.82
88.09
137.58
156.64
178.51
178.81
197.42
249.43
249.61
249.89
250.30
285.15
290.09
290.14
290.96
356.72
363.81
363.96
367.76
431.54
431.61
432.05
461.54
498.77
502.45
503.39
503.50
526.33
601.22
601.24
604.96
836.92
836.94
836.98
837.12
918.92
918.98
919.14
919.52
941.83
942.42
942.45
942.74
983.68
983.74
987.79
1013.26
1131.96
1132.02
1132.87
1134.05
1136.09
1136.48
1136.54
1179.68
1194.18
1195.74
1195.79
1196.59
1350.51
1350.52
1351.69
1362.38
1364.72
1366.44
1366.47
1367.42
1390.56
1390.56
1390.83
1392.61
1404.41
1404.88
1404.88
1406.67
1493.51
1493.56
1493.96
1494.02
1497.32
1497.45
1497.49
1499.32
1510.44
1510.45
1511.59
1511.62
1521.93
1523.80
1523.81
1525.70
2895.86
2895.87
2896.33
2905.30
2908.64
2912.70
2913.10
2918.38
2966.92
2991.42
2991.45
3028.66
3031.32
3031.38
3033.08
3043.55
3043.69
3049.09
3056.09
3058.89
3059.20
3059.28
3059.60
3060.78
3069.33
3069.39
3074.94
3591.52
$end
