
$molecule
 O     5.255345  -0.164343  10.170991
Ti     4.418630  -1.244659   8.983679
 O     2.769084  -1.670263   9.595158
 O     4.263829  -0.384757   7.398476
 O     5.386736  -2.758930   8.769632
 C     5.229703   0.928545  11.056671
 C     4.645266   2.194524  10.423605
 H     4.643251   0.655893  11.948639
 H     4.726699   2.972121  11.198692
 C     1.918523  -2.059037  10.646283
 C     2.439987  -3.275972  11.415607
 H     1.789754  -1.211128  11.338068
 H     1.667465  -3.497620  12.168022
 C     4.038349  -0.414825   6.009974
 C     2.776041  -1.193093   5.628650
 H     4.913673  -0.861948   5.512104
 H     2.694288  -1.097937   4.534946
 C     6.492548  -3.436066   8.223774
 C     7.817406  -2.708176   8.468590
 H     6.336598  -3.566480   7.140900
 H     8.591807  -3.359619   8.035042
 H     0.931720  -2.293156  10.217279
 H     3.947700   0.624298   5.657098
 H     6.262425   1.126634  11.383363
 H     6.536711  -4.438222   8.678112
 C     1.532345  -0.576794   6.271129
 H     1.585075  -0.664492   7.361177
 H     1.437987   0.484685   6.017691
 H     0.625912  -1.089202   5.933427
 C     2.901809  -2.677534   5.974034
 H     3.798879  -3.118983   5.526232
 H     2.953422  -2.828817   7.058307
 H     2.031877  -3.234210   5.611497
 C     3.746929  -2.964537  12.145820
 H     4.558924  -2.766342  11.437024
 H     3.643769  -2.090219  12.797722
 H     4.057203  -3.813798  12.763026
 C     2.592512  -4.487818  10.495126
 H     2.890028  -5.373758  11.065268
 H     1.654211  -4.715221   9.977749
 H     3.361685  -4.297197   9.739651
 C     3.167461   2.018804  10.072003
 H     2.742548   2.958326   9.704567
 H     3.035232   1.272608   9.280442
 H     2.583449   1.698674  10.941864
 C     5.459123   2.627988   9.203489
 H     5.389285   1.874041   8.412786
 H     5.084004   3.575089   8.802608
 H     6.516522   2.760592   9.457076
 C     7.862847  -1.361028   7.746472
 H     7.654905  -1.472101   6.676715
 H     7.129160  -0.662763   8.165013
 H     8.848454  -0.896983   7.854652
 C     8.091135  -2.546571   9.964670
 H     9.074063  -2.095092  10.133112
 H     7.337282  -1.896929  10.421070
 H     8.067358  -3.512682  10.480231
$end
$temperature
298.15
$end
$mult
 1
$end
$sigma
 1
$end
$pressure
1.00000
$end
$scale
1.0
$end
$msrrho
$end
$freq
20.04
21.40
30.69
31.04
41.13
42.06
48.72
53.20
58.01
74.51
75.07
78.30
99.79
106.35
119.01
128.83
129.86
147.54
147.97
222.01
228.50
234.73
234.87
246.67
252.09
252.74
254.27
254.55
277.01
281.44
298.87
299.02
299.33
380.24
380.25
380.33
381.14
385.34
386.23
386.40
386.52
460.52
544.72
544.83
546.10
637.89
655.91
656.01
670.89
780.18
780.81
780.83
785.13
919.06
919.07
919.97
921.03
946.16
947.11
947.20
947.26
956.98
957.22
957.51
957.59
962.09
962.21
962.28
962.36
1046.05
1046.26
1053.02
1080.53
1144.98
1145.00
1145.50
1158.97
1159.08
1160.34
1163.93
1185.27
1203.33
1204.36
1204.37
1206.29
1272.83
1272.93
1275.71
1276.61
1339.26
1340.52
1340.56
1342.60
1358.75
1359.53
1359.68
1360.80
1376.53
1376.58
1376.73
1388.58
1398.89
1399.45
1399.54
1400.96
1417.55
1418.00
1418.07
1426.29
1493.20
1493.41
1493.45
1493.50
1495.41
1495.56
1497.68
1498.94
1511.43
1511.50
1511.77
1511.79
1523.70
1523.75
1524.24
1524.81
1528.51
1528.54
1528.61
1530.82
2872.49
2872.70
2872.79
2876.12
2893.30
2896.59
2896.70
2905.93
2915.04
2918.46
2919.17
2919.43
2956.74
2956.78
2964.19
2965.49
2985.40
3006.23
3006.38
3028.28
3030.95
3031.19
3034.02
3035.87
3036.13
3039.99
3041.51
3044.49
3047.36
3047.57
3051.78
3061.50
3070.00
3070.28
3073.13
3712.44
$end
