
$molecule
Ti     4.927864   5.845312 -10.533684
 O     6.023409   5.874527  -9.089499
 O     3.981118   7.395824 -10.632892
 O     5.933387   5.675452 -12.034718
 O     3.750467   4.480136 -10.364300
 C     6.447059   6.625444  -7.973227
 C     5.382069   7.602819  -7.491524
 H     6.702857   5.921814  -7.165242
 H     5.152082   8.305123  -8.304043
 H     5.810001   8.191428  -6.667930
 C     2.614110   7.753088 -10.572424
 C     2.010908   7.863078 -11.967604
 H     2.056297   7.007631  -9.981173
 H     2.562538   8.624880 -12.533669
 H     0.978605   8.226446 -11.863142
 C     7.264659   5.559932 -12.490805
 C     8.247287   6.356861 -11.640225
 H     7.296930   5.918521 -13.531717
 H     9.253835   6.194117 -12.050780
 H     8.247119   5.951243 -10.619750
 C     3.324009   3.230885 -10.859766
 C     4.363176   2.568867 -11.756177
 H     2.386927   3.373953 -11.419136
 H     4.562460   3.223473 -12.615530
 H     3.922937   1.642759 -12.151889
 H     2.535426   8.719479 -10.052677
 H     7.554698   4.497861 -12.496334
 H     7.364645   7.173158  -8.238868
 H     3.102556   2.578066 -10.000492
 C     2.015131   6.543281 -12.736069
 H     1.492484   5.780446 -12.143304
 H     3.049243   6.193628 -12.850961
 C     7.943937   7.853281 -11.600317
 H     7.895503   8.240184 -12.627031
 H     6.948320   8.014559 -11.167704
 C     4.099520   6.917884  -7.023538
 H     4.337251   6.224543  -6.205591
 H     3.695263   6.301164  -7.836313
 C     5.673209   2.245223 -11.040802
 H     5.461704   1.626829 -10.158381
 H     6.125953   3.170757 -10.662128
 C     6.667485   1.526659 -11.950110
 H     6.270212   0.561550 -12.283414
 H     6.879246   2.121447 -12.845413
 H     7.616586   1.340125 -11.438537
 C     3.040177   7.917338  -6.566416
 H     2.125716   7.411821  -6.241512
 H     3.404535   8.523473  -5.729536
 H     2.774709   8.601607  -7.379648
 C     1.367842   6.669563 -14.113451
 H     1.382457   5.717128 -14.652041
 H     0.324113   6.992612 -14.030928
 H     1.896314   7.408171 -14.726020
 C     8.982776   8.636067 -10.800580
 H     8.737876   9.701739 -10.759733
 H     9.043144   8.267242  -9.770676
 H     9.979553   8.536648 -11.244414
$end
$temperature
298.15
$end
$mult
 1
$end
$sigma
 1
$end
$pressure
1.00000
$end
$scale
1.0
$end
$msrrho
$end
$freq
12.66
15.86
22.37
30.17
39.54
49.14
49.59
61.09
72.34
81.57
83.85
86.93
93.99
95.26
104.71
111.54
122.36
155.40
159.77
161.96
177.07
194.63
217.08
227.79
241.50
252.00
253.90
258.88
259.88
269.35
273.89
275.32
284.11
345.88
357.59
364.26
369.61
489.43
529.10
539.05
540.81
542.51
597.09
602.73
631.33
748.71
749.92
751.37
761.24
831.26
832.14
833.05
837.00
870.57
870.85
872.34
877.27
964.54
964.61
965.57
967.13
984.28
985.11
986.08
986.79
1025.29
1025.80
1026.39
1028.24
1065.02
1068.62
1072.12
1104.97
1139.50
1141.77
1142.62
1156.01
1178.54
1179.62
1180.55
1189.21
1264.65
1265.59
1267.63
1268.17
1283.21
1283.28
1285.72
1286.05
1331.48
1332.32
1332.58
1333.22
1341.46
1342.34
1343.30
1344.18
1378.27
1378.67
1380.73
1388.29
1391.91
1392.57
1392.78
1396.46
1411.94
1412.28
1412.67
1413.67
1476.44
1477.59
1478.18
1479.97
1497.71
1499.46
1499.75
1500.76
1503.03
1506.15
1506.38
1508.96
1517.89
1518.01
1518.13
1519.88
1524.11
1524.58
1524.88
1525.15
2865.86
2870.90
2873.49
2875.51
2897.76
2904.61
2906.50
2908.07
2910.82
2913.70
2916.72
2921.88
2955.55
2959.04
2962.59
2966.44
2982.60
2984.76
2986.27
2988.42
2996.92
3005.69
3008.31
3009.09
3016.16
3034.88
3039.77
3045.95
3047.90
3048.27
3049.41
3050.30
3058.80
3065.01
3066.41
3692.87
$end
