
$molecule
Ti     5.524793   4.341757   2.225414
 O     7.231013   4.236778   1.620482
 O     4.584040   5.358343   1.055115
 O     4.799659   2.684991   2.356934
 O     5.494133   5.092487   3.875861
 C     8.584873   4.368332   1.995267
 C     8.797547   5.474144   3.023501
 H     8.942942   3.408081   2.397584
 H     9.860303   5.475446   3.299025
 H     8.229680   5.226086   3.928994
 C     3.389797   5.448872   0.309891
 C     2.890941   4.085656  -0.156756
 H     2.619145   5.940769   0.923595
 H     1.935938   4.239332  -0.676116
 H     2.683058   3.465416   0.724278
 C     4.982690   1.325208   2.028265
 C     6.452274   0.918584   2.033814
 H     4.543116   1.132334   1.037480
 H     6.986239   1.517715   1.285585
 H     6.510784  -0.129026   1.710700
 C     5.184554   6.271161   4.586885
 C     3.972560   6.995580   4.011324
 H     6.060422   6.938342   4.577696
 H     4.194451   7.288134   2.977320
 H     3.832009   7.920708   4.585609
 H     3.582113   6.093556  -0.562503
 H     4.426610   0.720841   2.762355
 H     9.167974   4.586994   1.086772
 H     4.988904   5.992887   5.634565
 C     3.879731   3.375646  -1.077582
 H     4.076848   3.971186  -1.975698
 H     4.838331   3.209671  -0.574793
 H     3.494985   2.402030  -1.395368
 C     7.107177   1.081952   3.402877
 H     7.059148   2.121929   3.742743
 H     6.602603   0.465756   4.155197
 H     8.160417   0.787198   3.375348
 C     8.387583   6.850510   2.506512
 H     7.328367   6.868648   2.228627
 H     8.548915   7.622180   3.265133
 H     8.965814   7.124617   1.617222
 C     2.702031   6.151083   4.057454
 H     2.819737   5.228977   3.478585
 H     2.458476   5.865126   5.086643
 H     1.847987   6.698098   3.647128
$end
$temperature
298.15
$end
$mult
 1
$end
$sigma
 1
$end
$pressure
1.00000
$end
$scale
1.0
$end
$msrrho
$end
$freq
23.53
28.07
30.46
31.83
65.07
65.69
74.09
74.80
95.01
97.44
101.66
101.95
129.31
163.98
165.93
166.43
167.03
211.64
213.22
214.83
215.95
248.37
267.17
267.27
269.28
338.55
343.56
343.92
348.28
487.31
504.80
504.97
514.88
518.02
599.57
601.39
602.01
786.03
787.59
788.69
788.74
858.09
858.13
858.35
859.88
926.84
927.42
927.47
927.67
994.94
996.18
996.37
1003.70
1068.57
1068.79
1069.38
1091.01
1126.40
1131.55
1131.77
1151.60
1174.67
1177.95
1177.99
1188.80
1278.83
1280.12
1280.87
1280.95
1310.04
1310.49
1310.51
1311.06
1366.24
1366.39
1367.00
1372.04
1383.78
1383.85
1384.11
1393.50
1412.13
1412.15
1413.24
1415.48
1483.35
1483.80
1483.84
1484.41
1500.42
1500.63
1500.73
1502.67
1514.82
1516.61
1516.71
1517.43
1520.70
1521.19
1521.28
1525.13
2873.97
2878.36
2878.70
2885.87
2903.62
2907.22
2907.32
2914.02
2955.12
2958.70
2959.04
2961.77
2977.61
3000.92
3001.94
3002.10
3009.91
3015.14
3015.27
3045.34
3045.46
3047.09
3048.64
3050.44
3050.64
3062.85
3062.99
3587.26
$end
