
$molecule
Ti    -9.913036  -0.696361   2.948824
 O    -9.251493  -2.328072   2.505324
 O   -11.726041  -0.782956   3.021985
 O    -9.247816  -0.224601   4.571472
 O    -9.443560   0.554650   1.719817
 C    -9.623777  -3.513630   1.818882
 C    -9.951942  -3.166554   0.364899
 C   -10.774064  -4.193502   2.550733
 H    -8.744048  -4.178734   1.829812
 H    -9.108759  -2.591615  -0.035777
 H   -10.822076  -2.495349   0.363403
 H   -10.504440  -4.363622   3.597187
 H   -11.664469  -3.555893   2.522818
 H   -11.013764  -5.160502   2.098434
 C   -12.889277  -0.072784   2.623877
 C   -13.110984  -0.252662   1.127326
 C   -12.777088   1.401209   3.014892
 H   -13.734314  -0.518865   3.174965
 H   -13.192381  -1.314762   0.878061
 H   -14.029807   0.249801   0.807516
 H   -12.266814   0.173428   0.573812
 H   -11.952170   1.841564   2.438168
 H   -13.697040   1.907300   2.694747
 C    -8.578454  -0.770883   5.698318
 C    -7.116583  -1.023152   5.351257
 C    -9.283970  -2.040742   6.175459
 H    -8.639366  -0.013710   6.498134
 H    -6.637836  -0.097394   5.018727
 H    -6.570395  -1.402763   6.221059
 H    -7.049370  -1.761511   4.544505
 H    -8.737993  -2.424485   7.046993
 H    -9.192841  -2.795746   5.382559
 C    -8.455567   1.544310   1.475922
 C    -7.084593   0.869672   1.390089
 C    -8.530141   2.624012   2.548224
 H    -8.687266   1.991932   0.494899
 H    -7.166551   0.045585   0.671638
 H    -6.866423   0.417268   2.367484
 H    -9.545103   3.028436   2.603539
 H    -8.273742   2.200200   3.525323
 H    -7.845983   3.448644   2.326812
 C   -10.220064  -4.385098  -0.515378
 H   -11.132745  -4.909105  -0.216655
 H   -10.337987  -4.089408  -1.561807
 H    -9.390178  -5.099026  -0.463534
 C    -5.956855   1.813009   0.977857
 H    -5.025861   1.260234   0.822843
 H    -6.196851   2.328566   0.040992
 H    -5.764625   2.574047   1.739885
 C   -12.553651   1.613703   4.509474
 H   -11.617179   1.152836   4.838507
 H   -12.507453   2.680039   4.750492
 H   -13.368148   1.170975   5.093806
 C   -10.751173  -1.817558   6.530943
 H   -10.852613  -1.061963   7.318116
 H   -11.320065  -1.473562   5.661643
 H   -11.211718  -2.742559   6.890862
$end
$temperature
298.15
$end
$mult
 1
$end
$sigma
 1
$end
$pressure
1.00000
$end
$scale
1.0
$end
$msrrho
$end
$freq
14.13
21.48
29.91
30.30
32.13
38.12
45.04
52.85
59.48
68.02
75.43
82.89
108.35
109.75
130.32
132.83
139.20
152.51
176.03
179.96
187.60
224.72
225.02
241.63
245.56
260.32
261.34
268.40
270.38
271.93
282.00
288.47
289.37
378.49
384.20
402.08
403.36
438.31
441.54
487.62
489.37
490.78
498.35
504.93
505.73
540.87
596.12
619.88
632.02
783.95
784.34
794.71
797.33
828.55
829.97
832.93
833.56
929.08
929.50
933.01
933.29
981.64
982.13
991.31
991.43
993.70
995.21
995.50
1002.70
1019.43
1023.42
1025.08
1048.54
1116.92
1122.66
1123.80
1129.52
1139.71
1143.95
1144.12
1170.74
1194.81
1195.04
1197.66
1198.99
1300.97
1301.93
1306.28
1307.68
1327.29
1328.23
1328.47
1329.45
1356.70
1359.47
1360.93
1368.93
1374.41
1374.60
1383.03
1383.47
1396.48
1396.83
1398.19
1398.38
1412.58
1413.01
1414.05
1416.08
1483.27
1484.22
1488.68
1488.74
1501.43
1501.51
1504.17
1504.53
1511.39
1511.64
1512.66
1513.07
1516.16
1517.52
1518.35
1520.00
1520.10
1525.85
1528.39
1528.50
2886.99
2887.45
2894.39
2895.94
2898.59
2900.53
2902.66
2904.67
2911.71
2915.67
2920.17
2932.17
2984.08
2985.79
2994.96
3000.42
3006.96
3017.53
3017.76
3038.58
3040.28
3041.72
3042.00
3044.04
3044.68
3049.97
3050.72
3056.25
3056.41
3060.88
3061.37
3067.47
3073.32
3073.41
3086.91
3723.98
$end
