
$molecule
Ti     4.217646  -4.789239   6.751671
 O     2.807110  -5.786253   6.191054
 O     4.931110  -5.542964   8.241736
 O     5.468695  -4.725591   5.437010
 O     3.663708  -3.103537   7.136887
 C     1.899824  -6.790391   6.621181
 C     1.326418  -6.441582   7.994863
 C     2.597840  -8.144729   6.623764
 H     1.074943  -6.804496   5.889022
 H     2.152708  -6.459088   8.717993
 H     0.632061  -7.241097   8.283730
 H     2.974966  -8.385315   5.626048
 H     3.442728  -8.125025   7.321383
 H     1.906561  -8.936029   6.931723
 C     5.443251  -5.223711   9.527169
 C     4.291095  -4.919929  10.476684
 C     6.429932  -4.059397   9.436726
 H     5.984685  -6.116979   9.881561
 H     3.614784  -5.776219  10.547786
 H     4.665910  -4.691756  11.479889
 H     3.724976  -4.057074  10.108209
 H     5.872357  -3.171090   9.111248
 H     6.799997  -3.851171  10.448842
 C     5.865489  -5.368077   4.234324
 C     4.937402  -4.950888   3.100373
 C     5.891935  -6.885206   4.421472
 H     6.890020  -5.022697   4.015654
 H     4.955831  -3.865573   2.967595
 H     5.241663  -5.419110   2.158573
 H     3.910708  -5.257405   3.329966
 H     6.204285  -7.337354   3.471319
 H     4.862729  -7.218244   4.610838
 C     3.660588  -1.778901   6.624891
 C     3.223764  -1.772302   5.159720
 C     5.038102  -1.154944   6.810622
 H     2.919574  -1.214385   7.215480
 H     3.984135  -2.312759   4.580212
 H     3.234109  -0.732398   4.808895
 H     5.316942  -1.145708   7.867935
 H     5.785256  -1.734822   6.257272
 H     5.049427  -0.124145   6.441526
 C     0.616831  -5.091421   8.032694
 H    -0.210122  -5.063095   7.314269
 H     0.205477  -4.894602   9.027417
 H     1.303477  -4.276186   7.784905
 C     1.846686  -2.389083   4.933213
 H     1.568680  -2.345193   3.875816
 H     1.826935  -3.438214   5.243583
 H     1.079520  -1.855772   5.505902
 C     7.600412  -4.325776   8.494798
 H     7.253891  -4.497916   7.471205
 H     8.289231  -3.475600   8.478590
 H     8.164251  -5.210502   8.810940
 C     6.813341  -7.342846   5.548262
 H     7.844003  -7.017169   5.368319
 H     6.495591  -6.931151   6.511194
 H     6.814761  -8.433779   5.632330
$end
$temperature
298.15
$end
$mult
 1
$end
$sigma
 1
$end
$pressure
1.00000
$end
$scale
1.0
$end
$msrrho
$end
$freq
8.26
28.15
45.85
51.42
59.70
64.62
64.70
75.99
76.94
85.72
126.46
130.84
131.05
131.33
143.53
152.31
173.77
183.05
183.44
239.25
239.30
242.78
245.60
254.92
263.38
263.57
266.34
270.01
273.42
276.05
276.33
378.58
378.64
381.55
396.41
483.26
488.01
488.20
490.05
490.97
504.06
504.11
506.79
523.88
590.91
594.11
594.23
792.45
795.30
796.64
796.66
827.61
827.66
828.42
830.27
931.27
932.85
932.88
934.56
990.20
990.70
990.75
992.16
994.61
994.71
994.76
1004.53
1019.33
1019.37
1021.14
1048.46
1121.67
1121.72
1122.45
1126.15
1138.36
1139.32
1139.39
1172.37
1194.30
1194.58
1194.62
1195.15
1305.89
1305.89
1306.71
1307.82
1327.53
1327.71
1327.76
1328.93
1355.72
1356.12
1356.16
1368.62
1381.37
1381.85
1381.93
1383.00
1396.59
1396.79
1396.85
1397.69
1413.95
1414.08
1415.56
1416.36
1482.41
1482.44
1483.30
1484.05
1503.49
1503.87
1503.88
1504.19
1509.51
1510.75
1510.78
1511.98
1515.89
1516.01
1516.89
1516.90
1517.66
1519.89
1526.31
1526.60
2885.21
2888.97
2889.04
2892.55
2899.56
2899.76
2902.58
2908.10
2910.77
2910.95
2926.29
2926.34
2988.31
2988.54
2991.80
2997.98
3004.55
3004.79
3012.17
3037.00
3039.75
3039.92
3042.29
3045.41
3045.66
3045.92
3052.74
3053.25
3057.54
3057.74
3061.24
3063.69
3068.80
3076.55
3076.70
3742.43
$end
