
$molecule
Ti    10.497765   2.983591   2.233005
 C    10.389704   0.021465   1.280769
 C     9.393533  -1.019577   1.796244
 H     9.596242  -2.001599   1.357050
 H     9.468642  -1.102426   2.884505
 H     8.371517  -0.723083   1.540933
 O    10.067813   1.252795   1.917197
 C    13.438912   3.974121   1.984415
 C    13.337978   4.564682   0.577663
 H    14.158743   5.265431   0.390563
 H    13.387283   3.762359  -0.165037
 H    12.386869   5.086982   0.445708
 O    12.301200   3.151457   2.217039
 C     8.700742   4.842317   0.498547
 C     7.535064   3.902776   0.136586
 H     6.751312   4.506377  -0.339252
 H     7.907529   3.207234  -0.626365
 O     9.797683   4.058877   0.954671
 C     9.463415   3.097919   5.167012
 C    10.744581   2.782818   5.961834
 H    11.373920   3.681313   5.926359
 H    10.461810   2.634256   7.012069
 O     9.825126   3.471317   3.842226
 C     8.321840   5.840681   1.592958
 H     7.431289   6.410810   1.307374
 H     8.126266   5.323852   2.536075
 H     9.146999   6.540561   1.757224
 C     9.171488   5.578785  -0.757531
 H    10.036333   6.205855  -0.521687
 H     9.464505   4.860085  -1.529046
 H     8.375673   6.217406  -1.154114
 C    14.670552   3.073325   2.099456
 H    14.610669   2.261965   1.368028
 H    15.586682   3.643152   1.913575
 H    14.725176   2.634356   3.100418
 C    13.495639   5.063042   3.072176
 H    13.530722   4.548183   4.040830
 H    14.447171   5.599296   2.962758
 C     8.515136   1.900440   5.097771
 H     7.585302   2.192772   4.600072
 H     8.963013   1.086226   4.522289
 H     8.274646   1.536728   6.102545
 C     8.758273   4.303443   5.792379
 H     9.433768   5.164066   5.818816
 H     7.878628   4.571503   5.199698
 H     8.434860   4.077157   6.813454
 C    10.217378   0.188146  -0.240768
 H    10.332590  -0.800747  -0.703273
 H     9.179830   0.501061  -0.414353
 C    11.817531  -0.370209   1.662957
 H    12.515585   0.437576   1.428205
 H    11.873524  -0.561386   2.739036
 H    12.127698  -1.275593   1.130287
 C    11.167150   1.180542  -0.904186
 H    11.077887   2.177914  -0.462148
 H    12.211330   0.862856  -0.825458
 H    10.931080   1.276718  -1.968760
 C    11.544012   1.580745   5.468944
 H    10.980849   0.647499   5.564903
 H    11.838648   1.697352   4.421122
 H    12.463641   1.472541   6.052787
 C    12.339912   6.058756   3.065408
 H    12.317692   6.653684   2.147302
 H    11.374445   5.553495   3.170050
 H    12.433684   6.753335   3.906273
 C     6.942182   3.113650   1.299783
 H     6.162052   2.435973   0.938734
 H     7.700466   2.498709   1.794805
 H     6.488716   3.768646   2.049887
$end
$temperature
298.15
$end
$mult
 1
$end
$sigma
 1
$end
$pressure
1.00000
$end
$scale
1.0
$end
$msrrho
$end
$freq
22.23
28.25
29.86
29.95
35.18
40.90
48.38
48.63
52.26
69.44
69.84
93.09
105.02
105.59
107.20
117.70
137.71
144.31
155.92
156.23
159.03
224.58
225.80
227.36
227.90
243.63
250.75
251.04
255.55
258.45
263.86
264.30
264.41
275.68
295.95
296.12
296.49
296.92
336.88
337.00
358.15
363.16
364.98
365.99
366.44
380.89
388.93
389.00
390.05
469.51
469.55
470.80
477.86
526.20
536.14
536.20
540.85
558.81
587.37
592.41
592.47
751.51
751.59
752.53
756.60
789.84
789.88
789.95
791.37
892.39
893.15
893.44
893.47
919.75
920.02
920.07
920.52
988.07
988.33
990.50
996.92
1000.88
1000.92
1001.05
1003.27
1003.32
1003.76
1004.32
1039.80
1069.66
1070.30
1070.50
1071.44
1078.95
1079.01
1079.80
1083.64
1183.61
1183.64
1185.63
1206.46
1206.64
1206.72
1208.44
1226.32
1237.68
1238.40
1238.45
1239.05
1325.30
1325.30
1326.22
1330.40
1361.66
1361.67
1362.55
1363.35
1387.37
1388.27
1388.32
1389.76
1405.22
1406.01
1406.05
1407.27
1412.70
1413.40
1413.74
1414.25
1474.03
1474.05
1477.35
1479.42
1488.95
1489.05
1489.11
1490.47
1498.79
1498.87
1498.97
1500.25
1506.59
1507.42
1507.43
1508.21
1512.14
1512.72
1513.33
1513.39
1519.44
1519.50
1519.54
1522.62
1529.55
1530.64
1530.81
1531.01
2883.90
2888.90
2889.00
2897.19
2899.72
2899.82
2908.23
2912.11
2917.36
2919.62
2931.54
2931.70
2993.58
2993.73
2997.95
3002.07
3005.32
3005.41
3010.20
3033.96
3035.63
3035.86
3036.89
3039.64
3040.08
3040.55
3040.61
3045.15
3046.70
3047.57
3047.70
3053.98
3055.61
3055.71
3064.47
3067.18
3067.30
3068.40
3070.62
3078.50
3092.85
3098.10
3098.27
3893.26
$end
