
$molecule
Ti     3.208579  -2.027672   3.195724
 C     4.069849  -4.869691   3.865484
 C     5.283717  -4.326079   4.622571
 H     5.985903  -5.131276   4.861910
 H     5.805714  -3.579502   4.013934
 H     4.963357  -3.850652   5.555059
 O     3.161595  -3.793580   3.619796
 C     2.829661  -0.453504   5.773251
 C     3.862161  -0.172315   6.864410
 H     3.382125   0.256520   7.750085
 H     4.366186  -1.099638   7.152815
 H     4.615398   0.531568   6.498582
 O     3.535500  -0.995316   4.654460
 C     5.347045  -0.690467   1.491130
 C     4.479049   0.565398   1.383720
 H     5.050920   1.399444   0.964135
 H     3.615954   0.371668   0.739001
 H     4.113480   0.858419   2.374116
 O     4.545373  -1.761554   1.994626
 C     0.585236  -2.096798   1.652250
 C    -0.305266  -3.022915   2.480825
 H    -1.085707  -3.471910   1.857662
 H     0.298338  -3.823072   2.921110
 H    -0.784131  -2.461648   3.289131
 O     1.590791  -1.559764   2.514667
 C     6.505750  -0.467994   2.463343
 H     7.143233   0.356372   2.126892
 H     6.115897  -0.229066   3.458021
 H     7.115854  -1.373582   2.535715
 C     5.855451  -1.116353   0.114127
 H     6.440212  -2.037194   0.196138
 H     5.011555  -1.300832  -0.557478
 H     6.487988  -0.336882  -0.322766
 C     1.801732  -1.481647   6.251308
 H     2.301201  -2.421403   6.507363
 H     1.266651  -1.116212   7.133893
 H     1.070786  -1.681488   5.460097
 C     2.139592   0.833329   5.320230
 H     1.570653   1.280033   6.142380
 H     2.883368   1.558705   4.976201
 H     1.454848   0.616775   4.494117
 C     1.268095  -2.869371   0.521295
 H     1.954373  -2.212375  -0.022233
 H     1.841680  -3.708833   0.929624
 H     0.528199  -3.264246  -0.182502
 C    -0.210654  -0.915737   1.097674
 H    -0.660432  -0.346470   1.916286
 H     0.449376  -0.249320   0.534233
 H    -1.007999  -1.264307   0.433231
 C     3.325292  -5.904806   4.708110
 H     3.006629  -5.459584   5.655283
 H     2.437208  -6.256781   4.174961
 H     3.968928  -6.764042   4.922893
 C     4.489139  -5.453736   2.516214
 H     3.613306  -5.834996   1.982143
 H     4.960198  -4.677308   1.905077
 H     5.200087  -6.275554   2.651976
$end
$temperature
298.15
$end
$mult
 1
$end
$sigma
 1
$end
$pressure
1.00000
$end
$scale
1.0
$end
$msrrho
$end
$freq
23.96
25.70
26.05
29.66
30.57
37.06
37.50
37.80
45.86
68.40
68.56
86.15
135.40
149.03
149.64
149.98
179.72
227.57
228.14
228.83
229.00
252.60
287.93
288.08
288.57
288.83
295.27
295.38
296.18
296.86
325.38
325.48
329.07
347.17
347.21
354.71
360.25
369.25
384.92
387.57
387.75
461.71
470.03
470.14
472.48
479.75
479.81
486.35
495.90
575.16
607.76
613.38
613.55
773.75
773.79
774.24
776.71
898.87
898.88
899.06
899.20
905.51
905.56
905.58
905.81
962.34
963.10
963.13
963.46
970.73
970.94
976.24
1013.77
1048.92
1048.96
1049.12
1049.88
1052.28
1052.29
1052.33
1052.67
1184.58
1184.65
1190.49
1230.05
1241.31
1244.40
1244.44
1244.99
1247.72
1249.41
1249.58
1249.64
1387.79
1387.81
1388.55
1389.07
1389.14
1389.87
1389.91
1390.61
1413.87
1413.91
1413.95
1417.44
1481.99
1482.47
1482.59
1482.63
1491.64
1491.85
1491.87
1492.45
1495.00
1495.60
1495.61
1495.82
1512.58
1512.65
1513.02
1513.03
1513.82
1513.88
1515.56
1516.65
1531.89
1532.96
1532.96
1536.35
2892.41
2892.46
2892.90
2899.32
2903.79
2916.10
2916.40
2916.40
2994.20
2999.10
2999.37
3029.33
3030.70
3031.01
3033.14
3035.67
3036.55
3038.15
3038.27
3039.98
3040.41
3040.74
3042.04
3048.44
3050.67
3050.94
3067.42
3068.23
3068.58
3069.96
3072.05
3072.68
3080.92
3081.00
3083.53
3740.13
$end
