
$molecule
Ti    -0.000526  -0.002095  -0.000190
 O    -1.005449  -1.466104   0.377554
 O     1.007221  -0.382010  -1.461757
 O     1.001670   0.378534   1.465139
 O    -1.005483   1.461150  -0.382303
 C    -1.691579  -2.485378  -0.322175
 C    -2.961938  -1.950399  -0.964022
 H    -1.027606  -2.915506  -1.087701
 H    -3.496781  -2.753589  -1.482109
 H    -3.622454  -1.524471  -0.202954
 H    -2.723358  -1.166708  -1.690497
 C     1.691224   0.316735  -2.483178
 C     2.958331   0.966103  -1.949552
 H     1.938495  -0.401216  -3.278506
 H     3.491740   1.483304  -2.754260
 H     2.715851   1.694683  -1.169014
 H     3.621638   0.209548  -1.519944
 C     1.687813  -0.320990   2.484614
 C     2.958437  -0.962678   1.950052
 H     1.023935  -1.086606   2.914719
 H     2.720253  -1.689271   1.166349
 H     3.618950  -0.201522   1.524281
 H     3.493088  -1.480637   2.753450
 C    -1.687366   2.484351   0.315897
 C    -2.954156   1.953197   0.967934
 H    -1.934819   3.278886  -0.402875
 H    -3.619244   1.523418   0.213036
 H    -2.711521   1.173374   1.697232
 H    -3.485736   2.759310   1.484836
 H     1.024376   1.077787  -2.916774
 H     1.931008   0.395087   3.282882
 H    -1.935058  -3.283672   0.393783
 H    -1.019017   2.918371   1.075391
$end
$temperature
298.15
$end
$mult
 1
$end
$sigma
 1
$end
$pressure
1.00000
$end
$scale
1.0
$end
$msrrho
$end
$freq
29.62
29.68
29.86
33.14
48.04
48.73
48.77
52.25
82.16
87.50
87.55
112.59
170.74
191.80
198.83
198.85
216.73
282.24
284.92
284.98
288.30
435.45
438.81
438.84
450.08
533.64
612.60
620.31
620.38
821.78
821.78
822.21
822.89
912.96
912.97
913.58
914.45
1055.08
1055.13
1056.44
1077.65
1128.76
1128.77
1137.22
1164.00
1185.21
1185.23
1186.44
1189.84
1307.14
1307.14
1307.95
1308.12
1373.78
1373.79
1375.92
1392.32
1401.68
1401.68
1403.26
1404.17
1501.03
1501.13
1501.30
1501.32
1503.57
1503.58
1506.24
1506.61
1522.79
1522.80
1525.36
1527.19
2886.67
2886.67
2890.45
2893.40
2958.45
2958.51
2973.47
2976.71
2976.74
2977.24
3005.33
3046.28
3046.69
3046.83
3046.84
3058.78
3058.85
3059.16
3063.84
3414.18
$end
