
$molecule
Ti    -0.000058  -0.000092  -0.000584
 O    -0.227436  -1.470171  -1.030387
 O     1.468375  -0.226791   1.031594
 O     0.228488   1.468176  -1.032764
 O    -1.470244   0.228856   1.028684
 C     0.098586  -2.255197  -2.150591
 C     1.607446  -2.454860  -2.319490
 H    -0.389202  -3.235560  -2.033805
 H     1.718433  -3.108137  -3.198525
 C     2.252286   0.098394   2.152784
 C     2.450816   1.607200   2.323434
 H     1.777403  -0.317414   3.055886
 H     3.103061   1.717765   3.203282
 C    -0.095623   2.249773  -2.155926
 C    -1.604141   2.450153  -2.327021
 H     0.319499   1.772195  -3.057925
 H    -1.713687   3.101159  -3.207919
 C    -2.254596  -0.094255   2.150176
 C    -2.453988  -1.602714   2.322980
 H    -3.235053   0.393157   2.032680
 H    -3.106817  -1.711653   3.202600
 H     3.233036  -0.388687   2.036333
 H     0.392846   3.230106  -2.041777
 H    -0.315967  -1.780875  -3.054568
 H    -1.779808   0.322628   3.052830
 C    -2.208761   3.157976  -1.113648
 H    -2.109445   2.533273  -0.220054
 H    -1.708215   4.112856  -0.920251
 H    -3.273473   3.358081  -1.271105
 C    -2.319200   1.129570  -2.614752
 H    -3.379365   1.301207  -2.826693
 H    -1.879304   0.615790  -3.476586
 H    -2.266271   0.453390  -1.753734
 C     1.129591   2.320275   2.613258
 H     1.299886   3.380693   2.824970
 H     0.452158   2.266298   1.753276
 H     0.617791   1.879493   3.475815
 C     3.155782   2.212814   1.108912
 H     4.111199   1.713815   0.914161
 H     2.529922   2.112405   0.216250
 H     3.354404   3.277864   1.265978
 C     2.211342  -3.158969  -1.103600
 H     1.711705  -4.113942  -0.908392
 H     3.276525  -3.358078  -1.259189
 H     2.110319  -2.532077  -0.211718
 C     2.321765  -1.134493  -2.610027
 H     1.882173  -0.623305  -3.473563
 H     2.267626  -0.456091  -1.750830
 H     3.382214  -1.305876  -2.820739
 C    -3.158558  -2.209724   1.108907
 H    -4.113563  -1.710475   0.912807
 H    -2.532058  -2.110947   0.216509
 H    -3.357860  -3.274442   1.267365
 C    -1.133326  -2.316056   2.614582
 H    -0.455470  -2.263931   1.754834
 H    -0.621715  -1.874196   3.476704
 H    -1.304378  -3.376010   2.828041
$end
$temperature
298.15
$end
$mult
 1
$end
$sigma
 1
$end
$pressure
1.00000
$end
$scale
1.0
$end
$msrrho
$end
$freq
16.26
16.88
29.29
29.38
43.89
44.00
46.09
55.69
60.73
73.96
74.13
79.49
100.68
103.77
121.75
133.98
134.16
147.47
147.53
220.11
229.26
235.01
235.02
248.41
249.09
250.52
254.14
254.16
272.71
283.27
299.25
299.31
301.20
380.24
380.26
380.26
380.86
384.99
385.56
385.96
385.97
458.40
543.85
544.11
544.12
637.89
656.22
656.25
669.55
780.47
780.84
780.85
785.22
919.05
919.06
919.92
920.94
946.07
947.07
947.30
947.31
956.86
957.01
957.57
957.58
962.34
962.40
962.41
962.51
1047.19
1047.31
1054.55
1081.10
1145.84
1145.88
1147.04
1159.07
1159.11
1160.88
1164.10
1187.53
1203.07
1204.04
1204.06
1205.82
1273.19
1273.23
1275.86
1276.76
1339.15
1340.40
1340.43
1342.44
1358.81
1359.78
1359.82
1360.58
1376.47
1376.49
1376.53
1388.62
1399.34
1399.82
1399.83
1401.10
1417.96
1417.97
1418.00
1426.64
1492.89
1492.92
1493.03
1493.53
1496.49
1496.52
1497.36
1498.63
1510.60
1510.79
1510.85
1510.89
1523.87
1523.87
1524.38
1525.72
1527.85
1527.87
1527.90
1530.31
2869.93
2872.43
2872.50
2872.90
2894.51
2897.38
2897.39
2907.03
2915.35
2917.33
2919.61
2919.64
2956.35
2956.42
2962.90
2964.50
2989.75
3004.13
3004.14
3028.13
3029.28
3029.29
3033.30
3035.50
3035.54
3040.07
3042.10
3044.82
3047.38
3047.41
3051.44
3060.82
3069.31
3069.33
3075.23
3712.09
$end
