
$molecule
Ti    -0.000166   0.000012   0.000142
 O     1.501643   0.059437  -1.021270
 O    -1.502312  -0.059355  -1.020634
 O     0.059464  -1.501250   1.022045
 O    -0.059603   1.501279   1.022104
 C     2.416529  -0.829413  -1.647604
 C     1.652833  -1.894566  -2.426395
 C     3.343333  -1.434948  -0.600768
 H     3.010625  -0.226615  -2.352689
 H     0.965118  -1.428478  -3.137809
 H     2.342584  -2.542288  -2.977335
 H     1.070534  -2.514872  -1.735036
 H     3.879064  -0.647430  -0.062959
 H     2.758577  -2.015321   0.121049
 H     4.078531  -2.095779  -1.071816
 C    -2.416847   0.829717  -1.647184
 C    -1.652731   1.894260  -2.426409
 C    -3.343231   1.436036  -0.600426
 H    -3.011302   0.226963  -2.351994
 H    -2.342284   2.542119  -2.977453
 H    -1.070184   2.514615  -1.735309
 H    -0.965359   1.427647  -3.137798
 H    -2.758153   2.016391   0.121128
 H    -4.078287   2.096926  -1.071609
 H    -3.879228   0.648894  -0.062327
 C    -0.829182  -2.416304   1.648476
 C    -1.431345  -3.345858   0.602149
 C    -1.896874  -1.652804   2.423956
 H    -0.226707  -3.008181   2.355695
 H    -2.011439  -2.763212  -0.121604
 H    -0.641949  -3.881098   0.066609
 H    -2.091799  -4.081402   1.073177
 H    -2.544423  -2.342553   2.975106
 H    -1.433085  -0.963004   3.134858
 H    -2.516889  -1.072805   1.730427
 C     0.829192   2.416170   1.648521
 C     1.432104   3.345183   0.602136
 C     1.896332   1.652500   2.424596
 H     0.226727   3.008541   2.355333
 H     0.643101   3.880789   0.066370
 H     2.092796   4.080503   1.073175
 H     2.011935   2.762111  -0.121480
 H     2.544046   2.342174   2.975649
 H     1.432087   0.963138   3.135618
 H     2.516315   1.072018   1.731433
$end
$temperature
298.15
$end
$mult
 1
$end
$sigma
 1
$end
$pressure
1.00000
$end
$scale
1.0
$end
$msrrho
$end
$freq
21.05
24.30
24.45
29.91
41.26
49.22
49.26
49.58
61.99
73.85
74.00
92.41
138.30
153.40
184.69
184.70
198.72
249.15
249.52
249.62
250.56
284.27
289.82
289.90
290.78
358.33
364.48
364.51
368.92
436.19
436.23
440.28
461.15
501.41
501.70
504.89
504.90
520.04
598.69
598.72
599.74
837.21
837.24
837.44
837.47
918.77
918.79
918.81
919.29
942.05
942.71
942.72
943.23
984.75
984.80
986.76
1013.36
1131.49
1131.50
1133.23
1134.24
1135.43
1136.29
1136.31
1180.17
1194.96
1195.79
1195.82
1196.65
1351.50
1351.50
1352.54
1362.93
1364.68
1366.25
1366.27
1367.25
1390.41
1390.56
1390.57
1392.44
1403.87
1404.86
1404.86
1406.60
1493.70
1493.72
1493.98
1494.08
1497.16
1497.57
1497.59
1499.35
1510.61
1510.62
1511.18
1511.23
1521.95
1524.03
1524.07
1526.21
2894.79
2895.49
2895.50
2905.48
2908.82
2912.87
2912.88
2918.86
2962.48
2991.49
2991.55
3028.41
3031.47
3031.48
3032.86
3045.14
3045.15
3046.99
3056.26
3058.67
3059.03
3059.07
3060.30
3060.36
3069.98
3070.02
3073.62
3590.92
$end
