
$molecule
Ti     0.000169  -0.000226   0.003596
 O    -1.400713  -0.429232   1.072028
 O     1.399916   0.430633   1.072755
 O     0.430702  -1.401255  -1.064035
 O    -0.429239   1.399096  -1.066729
 C    -2.416426  -1.380697   1.302888
 C    -1.976029  -2.797705   0.951716
 H    -2.693006  -1.329955   2.367945
 H    -1.725555  -2.834459  -0.115976
 H    -2.835794  -3.463055   1.104799
 C     2.415035   1.382822   1.303256
 C     1.974227   2.799214   0.950124
 H     2.690849   1.333437   2.368575
 H     1.724644   2.834637  -0.117823
 H     2.833530   3.465164   1.103187
 C     1.385242  -2.413605  -1.296871
 C     2.801512  -1.967662  -0.949699
 H     1.332728  -2.690957  -2.361648
 H     3.469784  -2.824828  -1.104607
 H     2.840241  -1.717036   0.117889
 C    -1.383216   2.411490  -1.301693
 C    -2.799921   1.966551  -0.955015
 H    -1.329765   2.687357  -2.366810
 H    -3.467753   2.823744  -1.111661
 H    -2.839592   1.717442   0.112894
 H     3.305251   1.109089   0.716049
 H     1.116662  -3.303941  -0.707482
 H    -3.306083  -1.107226   0.714713
 H    -1.114763   3.302537  -0.713317
 C     0.787100   3.275163   1.783218
 H    -0.082651   2.625561   1.638835
 H     1.029615   3.268683   2.851573
 H     0.494221   4.293081   1.509216
 C     3.270171  -0.779685  -1.785722
 H     3.259902  -1.023051  -2.853857
 H     2.618494   0.088200  -1.639329
 H     4.288326  -0.483395  -1.516301
 C    -0.789858  -3.273335   1.786352
 H    -0.497195  -4.291658   1.513621
 H     0.080308  -2.624271   1.642097
 H    -1.033346  -3.265727   2.854478
 C    -3.268344   0.777573  -1.789746
 H    -3.257133   1.019440  -2.858212
 H    -2.617091  -0.090333  -1.641612
 H    -4.286821   0.482028  -1.520726
$end
$temperature
298.15
$end
$mult
 1
$end
$sigma
 1
$end
$pressure
1.00000
$end
$scale
1.0
$end
$msrrho
$end
$freq
24.06
28.28
30.61
30.94
65.93
66.36
75.22
75.37
95.30
97.98
102.30
102.38
129.07
164.16
166.48
166.56
166.63
212.31
213.95
214.87
215.08
248.41
266.97
267.04
269.12
338.60
343.72
343.78
348.24
487.27
504.74
504.84
514.66
517.72
599.62
601.22
601.37
785.94
787.49
788.53
788.57
858.03
858.09
858.23
859.78
926.78
927.37
927.39
927.54
994.94
996.19
996.21
1003.61
1068.74
1068.79
1069.24
1090.96
1126.45
1131.64
1131.67
1151.70
1174.48
1177.82
1177.83
1188.67
1278.71
1280.02
1280.73
1280.76
1310.06
1310.34
1310.39
1310.97
1366.29
1366.32
1366.93
1371.97
1383.79
1383.82
1384.11
1393.44
1412.06
1412.11
1413.15
1415.42
1483.53
1483.98
1483.99
1484.50
1500.35
1500.53
1500.59
1502.61
1514.86
1516.60
1516.64
1517.25
1520.61
1521.15
1521.17
1525.15
2874.13
2878.60
2878.64
2885.92
2903.56
2907.13
2907.27
2913.94
2955.33
2958.72
2958.82
2961.61
2977.41
3000.97
3001.81
3001.96
3009.96
3015.22
3015.31
3045.38
3045.42
3047.03
3048.67
3050.47
3050.55
3062.78
3062.93
3587.43
$end
