
$molecule
Ti    -0.000340   0.000152   0.622866
 O     1.257239  -0.759181   1.682804
 O     0.765943   1.247924  -0.450017
 O    -1.259234   0.759276   1.681411
 O    -0.765345  -1.247499  -0.451023
 C     2.629735  -1.034510   1.858900
 C     3.528435  -0.072418   1.092393
 H     2.853734  -0.979439   2.935952
 H     3.249523  -0.097909   0.030086
 H     4.561096  -0.442918   1.159108
 C     0.705398   2.585748  -0.889696
 C    -0.720252   3.126086  -0.892260
 H     1.341727   3.208529  -0.241845
 H    -0.685442   4.182142  -1.194355
 H    -1.105005   3.100635   0.136253
 C    -2.631931   1.034649   1.855893
 C    -3.529746   0.072757   1.088121
 H    -2.827006   2.068862   1.532695
 H    -3.249616   0.098506   0.026146
 H    -4.562480   0.443256   1.153727
 C    -0.704482  -2.585451  -0.890288
 C     0.721151  -3.125820  -0.891501
 H    -1.121978  -2.630780  -1.908848
 H     0.686571  -4.181922  -1.193468
 H     1.104976  -3.100256   0.137359
 H     1.123725   2.630853  -1.907924
 H    -2.857195   0.979383   2.932667
 H     2.825258  -2.068653   1.535743
 H    -1.341369  -3.208086  -0.242839
 C    -1.657248   2.353700  -1.819114
 H    -1.646491   1.290376  -1.547913
 H    -1.271372   2.407630  -2.845903
 C    -3.464570  -1.364525   1.601114
 H    -2.417801  -1.687888   1.635613
 H    -3.836494  -1.396658   2.633766
 C     3.462706   1.364732   1.605685
 H     3.833183   1.396537   2.638872
 H     2.415936   1.688252   1.638826
 C     1.659039  -2.353620  -1.817618
 H     1.647876  -1.290216  -1.546770
 H     1.274259  -2.408007  -2.844796
 C     3.091773  -2.879007  -1.772618
 H     3.136254  -3.933215  -2.067787
 H     3.746192  -2.314218  -2.443537
 H     3.505754  -2.800811  -0.761150
 C     4.265529   2.325478   0.732752
 H     4.214922   3.351184   1.111225
 H     5.321344   2.034904   0.691994
 H     3.881347   2.325073  -0.293335
 C    -3.090004   2.879136  -1.775784
 H    -3.743755   2.313878  -2.446967
 H    -3.504966   2.801549  -0.764676
 H    -3.134273   3.933138  -2.071712
 C    -4.266027  -2.325127   0.726775
 H    -4.215941  -3.350915   1.105098
 H    -5.321792  -2.034598   0.684457
 H    -3.880251  -2.324458  -0.298719
$end
$temperature
298.15
$end
$mult
 1
$end
$sigma
 1
$end
$pressure
1.00000
$end
$scale
1.0
$end
$msrrho
$end
$freq
22.08
29.36
33.58
39.85
49.08
56.41
62.78
65.02
81.67
92.14
96.33
96.52
97.26
106.66
119.12
125.39
136.83
153.99
156.78
168.12
168.65
213.56
213.94
233.43
239.67
254.93
259.64
267.02
267.71
270.14
274.23
275.26
279.56
361.82
363.86
366.48
375.68
494.12
533.60
537.78
539.18
542.13
591.54
594.66
601.65
747.66
748.67
749.63
750.90
832.36
832.73
833.07
836.60
868.38
868.77
871.01
871.41
962.93
963.89
966.24
966.27
985.37
985.41
988.02
988.20
1025.68
1026.23
1027.23
1028.82
1068.50
1068.70
1073.91
1107.75
1141.92
1143.12
1147.15
1157.65
1175.28
1175.79
1180.92
1191.09
1263.88
1265.04
1266.04
1267.82
1282.55
1282.58
1285.52
1286.03
1330.97
1332.59
1332.82
1333.74
1341.12
1341.54
1343.35
1344.80
1376.16
1378.47
1378.54
1390.37
1390.82
1390.87
1391.40
1397.05
1410.56
1410.69
1412.09
1412.26
1475.33
1475.59
1478.59
1479.06
1499.73
1500.07
1502.64
1503.64
1503.64
1504.09
1506.25
1508.29
1517.69
1517.72
1518.26
1518.41
1523.82
1524.18
1525.03
1525.09
2868.23
2868.27
2874.47
2875.00
2900.35
2901.15
2902.89
2908.69
2909.78
2916.68
2918.25
2920.96
2949.40
2953.60
2959.44
2962.25
2976.20
2980.13
2990.18
2990.94
2998.70
3007.79
3008.65
3009.04
3011.66
3025.81
3040.46
3044.38
3047.34
3048.24
3050.30
3050.42
3057.54
3060.78
3085.97
3710.92
$end
