
$molecule
Ti    -0.026723  -0.027691  -0.030382
 O     1.073686   1.371446   0.320511
 O    -1.161087   0.422348  -1.373888
 O    -0.980467  -0.463617   1.452744
 O     0.953198  -1.468960  -0.536821
 C     1.642143   2.179846   1.337945
 C     1.927138   1.351591   2.590971
 C     0.715676   3.353571   1.629192
 H     2.599016   2.561696   0.943143
 H     0.967699   0.981439   2.976119
 H     2.342227   2.023975   3.352701
 H     0.528876   3.929023   0.718154
 H    -0.242366   2.985586   2.013406
 H     1.158805   4.020532   2.375918
 C    -1.679860   1.531278  -2.090813
 C    -0.582718   2.147598  -2.949484
 C    -2.295198   2.545846  -1.126766
 H    -2.478366   1.139196  -2.743134
 H    -0.973217   2.986138  -3.535401
 H     0.228522   2.512159  -2.309581
 H    -0.174567   1.403475  -3.639596
 H    -1.487184   2.956150  -0.505948
 H    -2.695570   3.377740  -1.720593
 C    -1.369525  -1.599288   2.213800
 C    -0.172748  -2.132382   2.991548
 C    -1.982225  -2.668345   1.308032
 H    -2.141740  -1.252674   2.920857
 H    -0.467207  -2.977060   3.623051
 H     0.602613  -2.469042   2.294569
 H     0.249360  -1.351891   3.630847
 H    -2.279787  -3.514783   1.940439
 H    -1.193972  -3.033085   0.635292
 C     1.433947  -2.134552  -1.695274
 C     2.303791  -1.187578  -2.522631
 C     0.263600  -2.689283  -2.497294
 H     2.063160  -2.968100  -1.340517
 H     1.664158  -0.371697  -2.888176
 H     2.657562  -1.734937  -3.405934
 H    -0.376919  -1.868866  -2.838111
 H     0.622209  -3.244622  -3.370140
 H    -0.338227  -3.363000  -1.880325
 C     2.884460   0.189580   2.344389
 H     3.068312  -0.369761   3.266747
 H     2.481971  -0.510863   1.605463
 H     3.849265   0.549129   1.969435
 C     3.486336  -0.620355  -1.743264
 H     4.101606   0.023556  -2.378892
 H     3.140708  -0.026733  -0.892343
 H     4.124107  -1.424521  -1.359352
 C    -3.389982   1.953576  -0.244249
 H    -4.194325   1.524374  -0.852287
 H    -2.992250   1.159570   0.394796
 H    -3.828633   2.720014   0.401829
 C    -3.177564  -2.168868   0.501977
 H    -3.962556  -1.783219   1.162291
 H    -2.885854  -1.362706  -0.177946
 H    -3.608749  -2.975864  -0.098181
$end
$temperature
298.15
$end
$mult
 1
$end
$sigma
 1
$end
$pressure
1.00000
$end
$scale
1.0
$end
$msrrho
$end
$freq
17.92
27.60
35.55
39.62
45.36
49.06
59.16
61.50
65.30
73.90
76.61
89.20
121.85
128.12
131.38
140.20
142.82
155.52
173.12
184.71
188.04
239.31
241.61
248.08
251.19
255.02
259.43
264.88
267.75
270.05
274.10
277.29
280.09
373.39
380.21
385.22
396.08
479.64
487.18
488.14
489.01
491.70
505.79
505.91
509.37
524.05
589.77
594.70
596.01
791.88
795.28
796.53
797.88
828.10
828.53
828.94
831.19
930.74
932.61
934.06
936.53
990.83
991.02
991.44
991.77
993.90
994.79
996.22
1004.38
1019.46
1020.55
1023.23
1050.06
1121.37
1122.09
1123.33
1126.40
1139.00
1139.72
1140.51
1173.97
1193.00
1193.83
1194.41
1195.63
1303.87
1305.66
1307.21
1308.72
1327.36
1327.53
1328.33
1329.07
1355.92
1356.26
1356.76
1369.09
1379.25
1381.26
1382.60
1385.08
1396.12
1397.29
1397.50
1398.86
1410.73
1412.66
1415.58
1416.27
1480.67
1482.77
1483.83
1484.41
1502.50
1503.11
1503.86
1504.61
1506.50
1510.48
1511.01
1512.39
1514.69
1515.29
1516.69
1516.82
1517.64
1519.52
1525.89
1527.64
2883.59
2885.22
2888.63
2892.09
2897.07
2898.62
2901.48
2904.98
2909.97
2911.70
2925.80
2930.68
2984.43
2986.74
2990.05
2997.01
3002.10
3004.89
3015.92
3036.57
3039.82
3040.16
3041.12
3043.66
3044.88
3047.93
3052.33
3054.47
3057.01
3059.10
3062.03
3064.21
3069.92
3074.56
3076.73
3741.58
$end
