
$molecule
Ti     0.089945   0.000003   0.000159
 C     1.678857   0.665688   2.581819
 C     2.183582  -0.365483   3.593670
 H     2.935126  -1.012230   3.131098
 H     2.631040   0.130664   4.460989
 H     1.354630  -0.989944   3.939833
 O     1.121941  -0.060013   1.490321
 C    -1.603771  -2.540093   0.627784
 C    -0.662110  -3.100594   1.693565
 H     0.217532  -3.543105   1.216028
 H    -0.316686  -2.307468   2.361082
 H    -1.164094  -3.872508   2.286527
 O    -0.944750  -1.485213  -0.063987
 C    -1.610018   2.535296  -0.630306
 C    -2.911983   1.980053  -1.237568
 H    -3.512810   1.586280  -0.407920
 H    -3.472340   2.821912  -1.664654
 O    -0.948795   1.482456   0.062457
 C     1.684962  -0.660684  -2.579071
 C     2.871599  -1.495370  -2.061875
 H     3.336870  -1.987987  -2.925551
 H     3.612952  -0.794227  -1.658535
 O     1.124204   0.063062  -1.488278
 C    -1.945398   3.610745   0.405384
 H    -1.027664   3.980181   0.872962
 H    -2.459317   4.454874  -0.065535
 H    -2.590920   3.196191   1.185768
 C    -0.669015   3.097707  -1.695660
 H    -0.321235   2.305146  -2.362636
 H    -1.172490   3.868097  -2.289327
 H     0.209295   3.542406  -1.217711
 C    -1.935650  -3.615904  -0.408654
 H    -1.016663  -3.982749  -0.875809
 H    -2.447716  -4.461590   0.061491
 H    -2.581700  -3.202636  -1.189287
 C    -2.907607  -1.988476   1.234348
 H    -3.508972  -1.596118   0.404420
 H    -3.465965  -2.831930   1.660904
 C     2.189320   0.372213  -3.589351
 H     1.359649   0.994951  -3.936880
 H     2.938412   1.020454  -3.124889
 H     2.639760  -0.122420  -4.455992
 C     0.598299  -1.532542  -3.209839
 H     0.142407  -2.187592  -2.463476
 H    -0.190467  -0.897694  -3.625433
 H     1.013359  -2.145741  -4.016733
 C     2.864567   1.502795   2.066413
 H     3.327470   1.996468   2.930760
 H     3.607984   0.803133   1.664309
 C     0.588994   1.535449   3.209932
 H     1.001110   2.150176   4.017169
 H     0.133070   2.188949   2.462232
 H    -0.199140   0.899081   3.624389
 C     2.518358   2.538639   1.001685
 H     1.803452   3.281466   1.368642
 H     3.419397   3.074227   0.686486
 H     2.093524   2.065923   0.110332
 C     2.525888  -2.532002  -0.997758
 H     1.812302  -3.275684  -1.365564
 H     3.427365  -3.066470  -0.681920
 H     2.099570  -2.060116  -0.106676
 C    -2.724652  -0.901473   2.288922
 H    -2.203303  -1.276079   3.175071
 H    -2.160071  -0.052359   1.890269
 H    -3.697628  -0.521459   2.616037
 C    -2.725475   0.893321  -2.291806
 H    -2.204893   1.269220  -3.177858
 H    -2.158597   0.045929  -1.892755
 H    -3.697239   0.510446  -2.619194
$end
$temperature
298.15
$end
$mult
 1
$end
$sigma
 1
$end
$pressure
1.00000
$end
$scale
1.0
$end
$msrrho
$end
$freq
22.66
22.96
31.71
36.47
37.70
44.06
57.42
57.86
62.73
75.10
76.05
85.91
96.11
103.61
111.91
118.03
141.00
145.39
156.68
157.89
163.09
224.92
226.83
228.05
230.55
242.34
251.54
257.25
257.59
260.29
264.50
265.82
268.63
282.27
290.04
290.65
295.17
296.00
339.84
341.45
357.82
362.11
364.88
366.39
367.10
382.08
389.35
390.57
392.84
467.34
468.14
469.34
474.36
530.90
537.99
538.37
542.07
557.73
588.96
590.83
594.52
751.09
751.56
752.03
756.25
792.34
792.47
793.45
793.92
891.56
892.44
893.19
893.91
918.96
919.07
919.62
919.95
986.01
987.82
988.06
996.02
999.18
999.31
999.44
1002.47
1002.56
1003.06
1003.75
1036.32
1069.77
1070.29
1070.76
1071.21
1079.01
1079.67
1080.01
1084.59
1183.95
1184.38
1184.52
1207.10
1207.34
1208.50
1209.32
1226.01
1237.62
1237.71
1238.81
1238.82
1324.86
1324.99
1325.74
1329.91
1361.59
1362.34
1362.63
1363.55
1387.41
1388.13
1388.64
1389.93
1405.12
1405.23
1406.42
1406.87
1411.17
1411.62
1412.53
1413.21
1475.19
1476.02
1477.24
1479.40
1488.36
1488.68
1490.23
1490.98
1498.06
1498.60
1499.52
1500.06
1506.82
1507.06
1508.09
1508.17
1513.26
1513.62
1515.28
1515.63
1519.60
1520.24
1521.13
1522.26
1529.53
1529.86
1530.84
1531.37
2883.48
2889.29
2890.96
2895.37
2898.59
2902.37
2907.21
2913.82
2916.85
2921.87
2930.14
2932.46
2995.70
2997.02
2999.50
3001.69
3004.91
3005.82
3009.40
3033.86
3034.94
3035.43
3036.03
3040.51
3040.58
3041.38
3041.55
3044.44
3045.99
3046.78
3048.56
3054.16
3055.57
3055.97
3064.42
3067.94
3068.48
3068.79
3071.77
3080.66
3092.07
3101.28
3103.33
3895.38
$end
