
$molecule
Ti     0.000145   0.000051   0.000459
 C    -1.732770   1.931935   1.601152
 C    -0.720254   2.523035   2.582367
 H    -0.167528   3.339020   2.106634
 H    -1.224642   2.915660   3.471372
 H    -0.006727   1.752916   2.891945
 O    -1.018782   1.428572   0.470090
 C     1.730818   1.601282  -1.933039
 C     0.718229   2.584340  -2.520909
 H     0.163657   2.110315  -3.336653
 H     0.006196   2.893274  -1.749165
 H     1.222766   3.473400  -2.913193
 O     1.016572   0.470455  -1.429520
 C     1.733739  -1.600062   1.931846
 C     2.698493  -1.086282   3.000156
 H     3.270108  -1.912960   3.434152
 H     3.397427  -0.367159   2.562827
 H     2.143550  -0.587233   3.799965
 O     1.020412  -0.468612   1.428372
 C    -1.731503  -1.932790  -1.600118
 C    -2.502119  -0.777896  -2.243244
 H    -3.094545  -1.130251  -3.093878
 H    -3.175190  -0.320907  -1.511242
 H    -1.805333  -0.011269  -2.599605
 O    -1.016924  -1.429743  -0.469227
 C     0.721161  -2.577134   2.529686
 H     1.224899  -3.466321   2.922743
 H     0.172979  -2.097805   3.346634
 H     0.003836  -2.887087   1.763253
 C     2.497809  -2.248849   0.775768
 H     1.796887  -2.604919   0.012791
 H     3.171359  -1.520155   0.314166
 H     3.089010  -3.100316   1.128136
 C     2.687223   1.088092  -3.009116
 H     3.385866   0.364474  -2.578779
 H     2.125620   0.594365  -3.807578
 H     3.259510   1.914252  -3.443199
 C     2.504297   2.242765  -0.779141
 H     3.096483   3.093430  -1.131790
 H     1.809390   2.598450  -0.010484
 H     3.177909   1.509849  -0.324384
 C    -2.690516  -3.006377  -1.086565
 H    -3.262995  -3.440184  -1.912740
 H    -2.130963  -3.805426  -0.591476
 H    -3.388947  -2.573808  -0.364075
 C    -0.719478  -2.523719  -2.581909
 H    -1.224272  -2.915867  -3.470888
 H    -0.005684  -1.753756  -2.891207
 H    -0.166949  -3.340177  -2.106732
 C    -2.691939   3.005498   1.087841
 H    -3.263894   3.439644   1.914195
 H    -2.132491   3.804323   0.592260
 H    -3.390765   2.572915   0.365745
 C    -2.503135   0.777232   2.244921
 H    -1.806237   0.010414   2.600679
 H    -3.094916   1.129687   3.095956
 H    -3.176807   0.320328   1.513408
$end
$temperature
298.15
$end
$mult
 1
$end
$sigma
 1
$end
$pressure
1.00000
$end
$scale
1.0
$end
$msrrho
$end
$freq
21.88
21.89
24.30
27.98
31.48
34.12
39.88
39.94
48.37
66.56
66.63
89.09
135.51
148.21
151.40
151.41
180.05
225.52
225.87
225.96
226.02
252.14
286.81
286.84
287.19
287.48
292.59
292.63
293.66
294.12
326.69
326.71
328.90
346.72
346.73
354.26
360.15
368.95
384.41
386.60
386.61
462.69
470.48
470.49
473.30
480.01
480.03
485.91
495.73
574.18
606.24
611.99
612.01
773.89
773.89
774.24
776.79
898.85
898.86
898.98
899.14
905.46
905.50
905.51
905.80
962.15
962.80
962.80
963.32
972.19
972.23
976.83
1015.04
1048.92
1048.92
1049.06
1049.92
1051.84
1051.86
1052.13
1052.31
1184.21
1184.22
1190.23
1230.83
1240.90
1244.43
1244.44
1244.72
1247.88
1249.00
1249.03
1249.87
1387.80
1387.80
1388.60
1388.98
1389.18
1389.85
1389.85
1390.63
1413.74
1414.08
1414.09
1417.43
1481.97
1482.17
1482.17
1482.51
1491.23
1491.44
1491.48
1491.98
1494.91
1495.51
1495.52
1495.94
1512.60
1512.65
1512.96
1512.97
1513.39
1513.40
1515.03
1516.17
1531.53
1533.16
1533.17
1536.05
2892.87
2892.88
2895.30
2902.31
2903.79
2916.18
2916.25
2916.27
2993.42
3001.14
3001.17
3030.05
3031.37
3031.39
3033.05
3037.60
3038.11
3038.12
3039.02
3040.06
3040.82
3040.84
3042.67
3048.29
3052.50
3052.52
3067.97
3068.94
3068.96
3070.26
3072.56
3073.02
3081.83
3081.85
3083.16
3739.77
$end
