
$molecule
Ti     4.788008   1.043629  -0.664146
 O     4.896225   2.832735  -0.985801
 O     4.988352   0.128576  -2.222248
 O     6.091676   0.624006   0.526527
 O     3.140001   0.647648  -0.008900
 C     3.997324   3.805874  -1.481817
 C     3.696286   3.581787  -2.956315
 H     3.064531   3.779410  -0.897390
 H     3.217275   2.608126  -3.105904
 H     3.023976   4.359202  -3.334728
 H     4.621243   3.607306  -3.540936
 C     5.733320   0.238819  -3.418208
 C     7.135560   0.773192  -3.167090
 H     5.783154  -0.758079  -3.880178
 H     7.679064   0.112590  -2.483508
 H     7.696928   0.836139  -4.105409
 H     7.090996   1.773486  -2.723056
 C     7.013173  -0.397485   0.845777
 C     6.470903  -1.779362   0.514124
 H     7.241301  -0.326013   1.919311
 H     5.546672  -1.970145   1.069356
 H     6.253732  -1.860117  -0.555848
 H     7.200172  -2.551453   0.781510
 C     2.526216   0.530581   1.260146
 C     2.923605   1.667142   2.190208
 H     2.799868  -0.437775   1.705773
 H     4.004848   1.661625   2.363853
 H     2.646562   2.632250   1.754386
 H     2.418209   1.565720   3.156595
 H     5.195684   0.898192  -4.116226
 H     7.951128  -0.214963   0.299717
 H     4.454038   4.795115  -1.333363
 H     1.437095   0.526428   1.108692
$end
$temperature
298.15
$end
$mult
 1
$end
$sigma
 1
$end
$pressure
1.00000
$end
$scale
1.0
$end
$msrrho
$end
$freq
26.16
29.70
37.03
41.41
56.99
60.47
69.41
72.11
88.94
98.31
106.50
109.97
161.31
163.71
221.25
226.83
234.70
289.41
297.16
302.07
307.47
443.89
447.36
457.94
465.78
521.83
615.58
618.14
624.12
817.24
818.07
819.06
822.05
907.37
908.88
909.39
910.58
1044.28
1054.30
1055.61
1075.35
1131.03
1135.11
1138.40
1167.33
1182.57
1182.81
1185.02
1188.42
1304.90
1305.57
1306.20
1307.68
1372.98
1374.94
1375.59
1389.30
1400.14
1401.11
1402.56
1404.54
1499.02
1501.61
1502.69
1503.27
1504.26
1506.19
1507.73
1507.94
1520.56
1524.77
1525.21
1529.08
2878.33
2885.40
2887.50
2898.52
2926.72
2963.88
2967.14
2973.86
2975.02
2984.49
2989.15
3042.80
3044.17
3045.70
3045.98
3047.44
3057.30
3058.69
3060.87
3423.01
$end
