
$molecule
Ti    -3.062359   6.547142  -3.817633
 O    -2.281770   7.400861  -5.222157
 O    -2.989847   7.580993  -2.324770
 O    -4.804637   6.177564  -4.149727
 O    -2.133846   5.019255  -3.522075
 C    -1.304423   7.141076  -6.205172
 C    -1.872830   6.402391  -7.418715
 H    -0.882145   8.104702  -6.528239
 H    -2.725567   6.991805  -7.785033
 C    -3.938551   8.037355  -1.381953
 C    -4.160968   9.546133  -1.492866
 H    -4.900893   7.516625  -1.529278
 H    -3.190449  10.033573  -1.326418
 C    -5.819046   5.684107  -4.988760
 C    -5.930554   6.449897  -6.308441
 H    -6.778249   5.754911  -4.449372
 H    -4.968348   6.350099  -6.829191
 C    -1.598560   4.260069  -2.458853
 C    -2.650858   3.351222  -1.816681
 H    -1.177496   4.935833  -1.697642
 H    -2.115451   2.780697  -1.042793
 H    -3.574145   7.789090  -0.373421
 H    -5.635402   4.616995  -5.194475
 H    -0.484092   6.544382  -5.770571
 H    -0.777928   3.645969  -2.859830
 C    -6.198902   7.933436  -6.070075
 H    -7.143518   8.072966  -5.529688
 H    -5.398709   8.388734  -5.481140
 H    -6.270997   8.473340  -7.019704
 C    -7.022753   5.812724  -7.168611
 H    -6.820466   4.753117  -7.358607
 H    -7.998935   5.887824  -6.674578
 H    -7.100910   6.319386  -8.135192
 C    -5.136714   9.995014  -0.404048
 H    -6.116823   9.523616  -0.544590
 H    -4.775119   9.731155   0.595698
 H    -5.282738  11.078997  -0.434186
 C    -4.667410   9.922492  -2.883181
 H    -4.826087  11.002772  -2.963934
 H    -3.952191   9.628556  -3.657577
 H    -5.621988   9.423361  -3.091514
 C    -2.358536   5.003065  -7.045920
 H    -2.813528   4.503985  -7.908070
 H    -1.523890   4.385783  -6.693551
 H    -3.106478   5.028133  -6.246721
 C    -0.810237   6.335980  -8.517447
 H     0.071412   5.784154  -8.169979
 H    -1.195546   5.820927  -9.402647
 H    -0.484566   7.335674  -8.823094
 C    -3.755910   4.164396  -1.141066
 H    -3.343131   4.888267  -0.430018
 H    -4.344908   4.713947  -1.884729
 H    -4.444705   3.508554  -0.599043
 C    -3.230576   2.372103  -2.837719
 H    -3.949920   1.695261  -2.366047
 H    -3.748312   2.919129  -3.632527
 H    -2.444757   1.766530  -3.301513
$end
$temperature
298.15
$end
$mult
 1
$end
$sigma
 1
$end
$pressure
1.00000
$end
$scale
1.0
$end
$msrrho
$end
$freq
18.28
28.26
29.85
30.58
38.56
40.17
42.82
51.14
56.87
62.65
70.45
83.34
103.32
113.76
119.55
138.91
148.60
176.30
204.45
213.17
219.66
228.06
231.24
242.30
245.63
258.01
267.50
269.57
272.69
284.10
289.30
300.77
310.21
346.39
354.12
359.39
383.69
388.80
423.15
428.99
431.17
435.60
455.69
468.69
536.91
624.21
668.01
675.52
695.40
782.07
815.11
816.10
820.92
912.19
913.67
915.35
921.45
927.89
934.91
939.73
945.40
946.06
947.89
948.37
959.54
960.52
961.46
962.40
963.41
1044.55
1066.25
1072.49
1111.16
1133.27
1134.96
1139.39
1157.83
1165.47
1180.85
1181.70
1184.92
1194.10
1197.70
1199.04
1204.02
1276.53
1284.55
1285.58
1286.83
1322.69
1324.99
1328.99
1338.93
1360.08
1368.47
1371.45
1373.85
1377.12
1379.18
1381.09
1389.48
1394.46
1396.65
1398.01
1399.51
1415.05
1415.89
1417.89
1422.18
1491.37
1492.98
1494.33
1495.56
1497.40
1498.29
1499.20
1503.65
1508.83
1509.22
1509.92
1510.64
1520.73
1520.97
1521.41
1524.76
1527.38
1528.22
1529.27
1533.26
2855.72
2863.31
2870.51
2883.11
2886.58
2892.72
2904.51
2911.99
2919.27
2922.20
2933.38
2936.52
2952.02
2957.49
2962.78
2970.16
2988.16
3012.40
3020.00
3024.94
3026.83
3028.54
3031.95
3036.93
3037.90
3040.51
3045.24
3046.63
3048.30
3052.43
3053.87
3055.28
3064.32
3076.85
3090.78
3698.54
$end
