
$molecule
Ti    -1.660012   2.335236   3.500291
 O     0.016175   2.851608   3.007438
 O    -1.571410   1.747938   5.213907
 O    -2.816748   3.730678   3.388668
 O    -2.240064   1.026244   2.386185
 C     0.751833   3.176093   1.840118
 C    -0.018178   4.181815   0.991264
 C     1.081990   1.903613   1.068871
 H     1.690832   3.643464   2.178118
 H    -0.276338   5.063695   1.584245
 H     0.578385   4.499576   0.129662
 H    -0.946981   3.731845   0.621852
 H     1.632696   1.205233   1.705277
 H     0.157462   1.415427   0.742216
 H     1.691536   2.130884   0.187940
 C    -1.435710   0.565054   5.985793
 C    -0.141109  -0.145989   5.608311
 C    -2.656893  -0.326460   5.797829
 H    -1.378205   0.881365   7.039455
 H     0.710781   0.531002   5.714676
 H     0.020754  -1.020877   6.246586
 H    -0.191033  -0.480952   4.565721
 H    -3.572067   0.222439   6.039312
 H    -2.713610  -0.660755   4.756209
 H    -2.596010  -1.207478   6.445181
 C    -3.420554   4.716673   4.215407
 C    -2.338853   5.529175   4.917897
 C    -4.374235   4.055512   5.203217
 H    -3.992898   5.380419   3.548152
 H    -1.649051   5.959848   4.186775
 H    -2.783081   6.341717   5.502100
 H    -1.769303   4.883737   5.596394
 H    -5.133484   3.473031   4.673251
 H    -3.816004   3.383119   5.863528
 H    -4.879576   4.810047   5.815021
 C    -3.323368   0.704587   1.523165
 C    -3.322241   1.642905   0.322381
 C    -4.639311   0.763880   2.289829
 H    -3.153253  -0.326651   1.175654
 H    -2.366538   1.589070  -0.207006
 H    -4.121089   1.375177  -0.376918
 H    -3.482482   2.673635   0.658054
 H    -4.607273   0.103554   3.161061
 H    -4.819990   1.788264   2.632930
 H    -5.472869   0.456440   1.649886
$end
$temperature
298.15
$end
$mult
 1
$end
$sigma
 1
$end
$pressure
1.00000
$end
$scale
1.0
$end
$msrrho
$end
$freq
26.40
31.22
32.90
36.75
41.08
46.61
54.26
65.71
70.65
75.63
81.62
94.67
137.29
150.01
186.40
190.76
211.34
240.87
246.52
251.17
254.60
280.92
286.34
292.24
299.53
359.68
361.67
370.32
371.91
436.69
443.04
448.03
456.48
495.01
501.44
506.77
508.74
519.58
592.65
596.18
598.47
836.11
837.86
839.09
839.53
917.30
919.04
919.06
919.81
940.73
942.73
943.19
943.83
984.62
986.18
993.11
1016.36
1130.49
1131.92
1132.69
1133.58
1134.38
1136.35
1137.50
1184.78
1192.86
1195.62
1196.92
1199.24
1351.31
1352.73
1353.55
1363.32
1364.69
1365.09
1366.53
1367.26
1390.20
1390.89
1391.08
1391.79
1402.86
1405.10
1405.57
1406.28
1492.23
1492.48
1493.66
1493.95
1495.24
1497.82
1498.39
1499.03
1508.41
1509.69
1511.44
1512.11
1521.14
1523.45
1523.84
1528.01
2889.60
2897.29
2898.12
2904.60
2907.79
2909.86
2912.37
2915.89
2964.82
2982.49
2997.20
3028.41
3029.56
3031.26
3033.11
3045.76
3047.24
3052.20
3055.91
3058.80
3059.91
3060.62
3061.25
3063.00
3067.62
3071.98
3075.82
3594.64
$end
