
$molecule
Ti     0.271568  -5.669307   2.156768
 O    -1.434444  -6.201832   1.857532
 O     1.236520  -7.087129   2.787571
 O     0.939692  -5.109144   0.562956
 O     0.352511  -4.323216   3.369561
 C    -2.331108  -6.331522   0.773204
 C    -1.822685  -7.325994  -0.263847
 H    -3.302220  -6.665792   1.169067
 H    -1.643485  -8.287565   0.233474
 H    -0.855943  -6.969280  -0.640290
 C     1.363401  -8.429875   2.368166
 C     2.047698  -8.548606   1.010662
 H     1.951284  -8.970160   3.126396
 H     3.030939  -8.066019   1.070916
 H     1.466344  -7.985745   0.269189
 C     1.734986  -4.083134   0.006088
 C     3.217592  -4.432380   0.064101
 H     1.554558  -3.139696   0.548304
 H     3.767060  -3.640701  -0.462565
 H     3.381091  -5.362253  -0.494705
 C    -0.521315  -3.398107   3.985486
 C    -0.798575  -2.196272   3.089111
 H    -0.055638  -3.066315   4.924577
 H     0.154422  -1.706716   2.852568
 H    -1.391829  -1.476957   3.669016
 H     0.368381  -8.904540   2.326641
 H     1.422343  -3.935607  -1.038148
 H    -2.487081  -5.348259   0.300801
 H    -1.469871  -3.898395   4.239347
 C     2.190155 -10.005394   0.576328
 H     2.780996 -10.578185   1.299442
 H     1.210356 -10.488036   0.490377
 H     2.685914 -10.083184  -0.395287
 C     3.738551  -4.574479   1.491422
 H     3.560420  -3.659522   2.067421
 H     3.245635  -5.400695   2.013719
 H     4.814092  -4.775308   1.499675
 C    -2.809923  -7.497201  -1.416055
 H    -2.983726  -6.546112  -1.930783
 H    -2.434882  -8.211311  -2.154272
 H    -3.777459  -7.864846  -1.057480
 C    -1.538557  -2.564070   1.805993
 H    -0.944050  -3.240387   1.181604
 H    -2.486706  -3.065145   2.031376
 H    -1.757624  -1.675169   1.206755
$end
$temperature
298.15
$end
$mult
 1
$end
$sigma
 1
$end
$pressure
1.00000
$end
$scale
1.0
$end
$msrrho
$end
$freq
29.23
31.54
33.64
43.32
47.67
54.18
61.86
67.20
72.76
76.94
81.49
87.32
117.89
127.00
137.02
153.20
169.33
193.41
213.91
233.84
236.09
239.32
248.56
268.73
274.32
297.60
302.54
333.97
342.15
441.48
457.93
469.00
488.24
573.43
625.32
651.30
655.46
768.24
777.27
787.74
788.82
858.01
860.26
893.26
895.07
908.15
910.12
926.24
927.98
998.60
1003.68
1007.79
1009.04
1057.30
1064.82
1069.55
1094.91
1129.07
1134.28
1136.36
1158.45
1175.68
1177.21
1191.95
1194.62
1280.14
1280.86
1281.88
1283.13
1309.27
1311.31
1326.25
1326.60
1328.55
1331.92
1368.14
1368.78
1379.90
1383.02
1384.38
1395.69
1412.30
1412.68
1413.69
1416.51
1484.60
1484.97
1492.34
1499.36
1501.30
1502.96
1512.60
1513.26
1514.73
1515.34
1519.70
1519.92
1524.64
1527.75
1528.91
1529.60
2868.05
2873.20
2877.55
2890.24
2900.61
2905.78
2909.75
2913.03
2950.26
2956.50
2964.85
2974.77
2985.12
2996.19
3002.68
3004.00
3009.95
3015.30
3019.89
3043.02
3045.02
3049.70
3050.38
3051.55
3054.19
3063.03
3068.72
3571.81
$end
