
$molecule
Ti    -5.944620   4.241365   6.726518
 O    -5.072529   5.828651   6.584046
 O    -4.722939   2.912860   6.917658
 O    -7.062439   4.209741   8.152583
 O    -6.897845   3.946709   5.205247
 C    -5.151784   7.140438   6.074434
 C    -6.445591   7.399277   5.308982
 H    -5.066329   7.848493   6.914649
 H    -6.530973   6.657384   4.503650
 H    -6.372633   8.386378   4.831710
 C    -4.567666   1.758819   7.721602
 C    -5.295293   0.557582   7.127844
 H    -3.492174   1.545007   7.800282
 H    -5.006915  -0.336020   7.698914
 H    -4.938559   0.406142   6.100057
 C    -8.369247   4.387418   8.645706
 C    -9.430413   3.988406   7.628731
 H    -8.505909   5.442621   8.933770
 H    -9.300671   2.927606   7.375296
 H    -9.262625   4.552843   6.702418
 C    -6.921053   3.032444   4.125608
 C    -8.320830   2.472039   3.908628
 H    -6.209960   2.213486   4.317066
 H    -8.636836   1.937950   4.814862
 H    -8.265082   1.724438   3.104565
 H    -4.945879   1.961064   8.736748
 H    -8.480194   3.784528   9.560275
 H    -4.289217   7.308337   5.412248
 H    -6.587432   3.557707   3.216604
 C    -6.815010   0.702452   7.137555
 H    -7.094921   1.642111   6.645126
 H    -7.162605   0.789870   8.175585
 C   -10.849187   4.239402   8.134887
 H   -11.013898   3.679875   9.065272
 H   -10.960201   5.301796   8.389595
 C    -7.692394   7.346669   6.189378
 H    -7.636088   8.140480   6.946134
 H    -7.706999   6.400882   6.745764
 C    -9.354237   3.538090   3.554527
 H    -9.026634   4.074928   2.653896
 H    -9.388233   4.278459   4.361323
 C   -10.745375   2.950529   3.332421
 H   -10.742687   2.229552   2.507422
 H   -11.094606   2.427464   4.229330
 H   -11.477124   3.728896   3.095005
 C    -8.984744   7.474704   5.388309
 H    -9.866438   7.417638   6.035034
 H    -9.024030   8.428580   4.850759
 H    -9.058284   6.672064   4.646372
 C    -7.522885  -0.457701   6.442648
 H    -8.610773  -0.340318   6.472975
 H    -7.223789  -0.522451   5.390409
 H    -7.275655  -1.413592   6.917437
 C   -11.905730   3.847405   7.104421
 H   -12.918197   4.044249   7.469650
 H   -11.767856   4.407812   6.172951
 H   -11.837374   2.781480   6.861665
$end
$temperature
298.15
$end
$mult
 1
$end
$sigma
 1
$end
$pressure
1.00000
$end
$scale
1.0
$end
$msrrho
$end
$freq
21.16
25.34
32.27
42.98
48.82
51.28
59.64
66.41
67.47
78.74
80.72
92.76
98.12
106.67
116.67
122.04
125.75
133.69
141.46
152.63
167.57
183.19
206.45
221.13
241.96
255.84
258.21
263.09
264.89
265.12
270.89
277.01
280.94
331.90
353.89
370.66
379.78
461.60
493.51
515.69
537.39
553.74
620.04
634.40
635.83
743.67
750.38
753.52
760.82
816.81
832.15
833.53
837.21
865.98
872.57
876.27
908.38
962.55
963.92
965.85
966.30
984.79
986.54
988.16
997.78
1025.73
1028.49
1029.38
1032.25
1058.45
1070.96
1073.86
1114.67
1141.99
1145.32
1145.96
1161.93
1174.25
1175.52
1181.26
1193.81
1261.60
1264.18
1264.47
1266.71
1281.63
1283.96
1288.13
1294.70
1321.02
1330.52
1332.15
1333.33
1334.83
1336.32
1343.56
1345.48
1373.78
1375.53
1377.69
1384.41
1387.18
1390.23
1391.57
1399.55
1409.23
1411.07
1412.21
1415.05
1475.98
1476.92
1477.63
1487.23
1497.28
1498.41
1500.93
1504.51
1505.28
1506.80
1508.45
1514.42
1515.33
1516.76
1517.37
1519.19
1522.74
1523.71
1524.50
1529.16
2871.60
2873.11
2880.36
2883.72
2888.09
2895.59
2897.92
2904.43
2909.46
2913.85
2919.01
2921.56
2951.87
2956.96
2961.95
2969.52
2977.59
2980.46
2984.63
2989.61
2992.79
3000.29
3006.95
3008.58
3011.92
3016.95
3034.63
3038.66
3041.27
3045.10
3049.55
3051.44
3060.65
3061.74
3081.66
3723.68
$end
