
$molecule
Ti    -5.331219 -10.711014  -8.674016
 O    -4.067221 -11.933290  -8.220479
 O    -5.933572 -11.024903 -10.359348
 O    -6.698260 -10.852777  -7.494737
 O    -4.605464  -9.052035  -8.628493
 C    -3.833500 -13.081808  -7.423719
 C    -3.159036 -12.673777  -6.113633
 C    -2.987419 -14.062760  -8.225471
 H    -4.805560 -13.548663  -7.186275
 H    -2.226426 -12.150355  -6.363532
 H    -2.878462 -13.587178  -5.573496
 H    -3.484098 -14.309801  -9.167642
 H    -2.014363 -13.616023  -8.454626
 H    -2.825887 -14.986748  -7.660874
 C    -5.827924 -10.464892 -11.661178
 C    -4.358581 -10.370307 -12.056931
 C    -6.549969  -9.116603 -11.698177
 H    -6.340979 -11.158675 -12.348044
 H    -3.872375 -11.340371 -11.918938
 H    -4.247225 -10.076192 -13.104896
 H    -3.849585  -9.630643 -11.427866
 H    -7.568629  -9.274916 -11.324062
 H    -6.050604  -8.443426 -10.988986
 C    -8.093446 -11.079335  -7.379180
 C    -8.373216 -12.571877  -7.504728
 C    -8.860969 -10.262387  -8.418801
 H    -8.387769 -10.736158  -6.373014
 H    -7.798804 -13.130839  -6.760527
 H    -9.437229 -12.782120  -7.354385
 H    -8.085418 -12.920880  -8.502739
 H    -9.931066 -10.468186  -8.287512
 H    -8.580540 -10.631881  -9.414098
 C    -3.805357  -8.106998  -7.942608
 C    -2.461011  -8.721092  -7.551642
 C    -4.569356  -7.572368  -6.737688
 H    -3.618626  -7.279215  -8.648064
 H    -2.647711  -9.532465  -6.835503
 H    -1.882254  -7.953421  -7.021757
 H    -5.530045  -7.153496  -7.049843
 H    -4.763473  -8.381690  -6.025372
 H    -3.994046  -6.790964  -6.230524
 C    -4.042485 -11.799855  -5.230218
 H    -4.956803 -12.329673  -4.941900
 H    -3.518854 -11.501942  -4.316655
 H    -4.348296 -10.889513  -5.754616
 C    -1.667923  -9.249987  -8.742206
 H    -0.695108  -9.636594  -8.423503
 H    -2.204668 -10.064443  -9.235889
 H    -1.490845  -8.458780  -9.479550
 C    -6.601349  -8.487162 -13.088831
 H    -7.023306  -9.183494 -13.822644
 H    -7.226644  -7.589703 -13.085783
 H    -5.606990  -8.193717 -13.437999
 C    -8.599616  -8.762768  -8.318446
 H    -8.878311  -8.380473  -7.330073
 H    -7.540352  -8.536194  -8.476285
 H    -9.175309  -8.211928  -9.068497
$end
$temperature
298.15
$end
$mult
 1
$end
$sigma
 1
$end
$pressure
1.00000
$end
$scale
1.0
$end
$msrrho
$end
$freq
27.87
30.12
31.97
35.74
40.94
42.10
46.43
52.68
57.02
65.06
71.86
85.06
111.03
114.64
119.73
137.78
140.30
149.52
167.83
183.22
206.71
230.07
234.58
238.62
242.93
245.39
253.56
261.89
263.53
264.88
272.66
278.37
295.54
333.43
378.27
387.40
409.58
432.83
441.50
479.74
487.27
492.60
500.32
504.20
506.73
545.87
594.39
621.05
635.44
787.46
791.56
792.03
795.32
827.09
828.48
829.41
834.18
928.37
935.41
936.85
943.93
980.47
990.97
991.31
991.41
996.14
996.44
998.46
1003.98
1024.14
1026.98
1030.56
1058.11
1121.11
1121.42
1122.96
1124.09
1141.12
1143.74
1143.98
1175.06
1188.49
1191.10
1194.83
1200.11
1300.08
1300.92
1306.43
1309.15
1326.84
1327.03
1327.70
1328.84
1350.52
1356.01
1360.20
1368.96
1377.70
1380.56
1384.40
1386.01
1395.34
1396.91
1398.84
1399.57
1409.45
1410.60
1412.60
1413.50
1477.11
1482.16
1483.52
1489.93
1501.39
1502.40
1503.84
1504.01
1506.50
1510.76
1511.33
1512.22
1513.51
1514.02
1515.70
1516.20
1519.37
1520.91
1522.16
1528.60
2876.95
2886.79
2892.12
2892.92
2897.74
2900.09
2900.75
2904.74
2907.96
2915.46
2929.35
2941.08
2973.67
2989.94
2998.58
3000.71
3005.66
3009.82
3018.38
3039.06
3040.17
3041.26
3041.93
3044.20
3047.87
3052.77
3054.22
3054.75
3058.57
3061.46
3062.20
3066.90
3067.93
3076.39
3091.60
3728.37
$end
