
$molecule
Ti     2.802440  -0.298314   1.389054
 C     1.214598  -2.448163   2.871363
 C     1.764949  -3.569358   1.987362
 H     1.189422  -4.490935   2.122877
 H     1.714548  -3.282466   0.931617
 H     2.811241  -3.767393   2.239148
 O     2.023192  -1.285714   2.706185
 C     3.053385   2.603675   2.367696
 C     1.701531   2.634398   3.083301
 H     1.407769   3.662924   3.317099
 H     0.929609   2.188731   2.446597
 H     1.756530   2.062299   4.014087
 O     3.405064   1.240441   2.134717
 C     5.613101  -1.313821   0.727832
 C     6.020539  -2.483804  -0.167313
 H     7.106224  -2.623042  -0.151927
 H     5.542981  -3.405658   0.177636
 H     5.706978  -2.295964  -1.198613
 O     4.190677  -1.201395   0.648309
 C     1.378112  -0.097159  -1.323938
 C     2.542708   0.568992  -2.058176
 H     2.404386   0.504074  -3.142312
 H     2.613875   1.624457  -1.778515
 H     3.481571   0.072340  -1.793939
 O     1.586907   0.032326   0.084842
 C     6.234470  -0.005275   0.237952
 H     7.327253  -0.053707   0.285556
 H     5.939929   0.189164  -0.798042
 H     5.891053   0.826550   0.861004
 C     5.993790  -1.580940   2.185179
 H     5.683616  -0.740311   2.815034
 H     5.496049  -2.486995   2.543812
 H     7.076069  -1.711184   2.287047
 C     2.971076   3.325677   1.022620
 H     2.191643   2.870665   0.403385
 H     2.732622   4.384948   1.163584
 H     3.926915   3.248784   0.494617
 C     4.150472   3.206400   3.245431
 H     3.934763   4.256517   3.466744
 H     4.222591   2.655993   4.187843
 H     5.116372   3.148364   2.734752
 C     0.056828   0.599924  -1.646700
 H    -0.760430   0.136851  -1.086006
 H     0.110651   1.657051  -1.369879
 H    -0.166336   0.529223  -2.716061
 C     1.310890  -1.585618  -1.668266
 H     2.252995  -2.074014  -1.398142
 H     0.494123  -2.064884  -1.119528
 H     1.138706  -1.727482  -2.740123
 C     1.289193  -2.841868   4.347399
 H     2.323455  -3.065714   4.624892
 H     0.933863  -2.018421   4.973450
 H     0.672790  -3.724947   4.544667
 C    -0.220008  -2.097383   2.473698
 H    -0.595606  -1.284858   3.102974
 H    -0.249407  -1.765715   1.431015
 H    -0.879630  -2.963905   2.587988
$end
$temperature
298.15
$end
$mult
 1
$end
$sigma
 1
$end
$pressure
1.00000
$end
$scale
1.0
$end
$msrrho
$end
$freq
24.91
26.18
27.84
31.19
34.41
42.57
49.67
56.15
62.00
67.10
75.39
89.64
133.33
144.41
161.73
163.80
181.69
219.25
225.19
227.59
231.16
251.08
281.54
286.18
287.01
288.68
290.45
293.51
294.05
306.25
326.97
328.16
333.55
347.33
349.71
355.25
359.65
370.18
381.68
388.48
389.53
465.19
470.76
473.63
475.75
482.29
484.86
488.65
493.20
570.20
604.44
607.81
609.48
772.70
774.76
775.35
778.58
898.03
898.93
899.16
899.50
903.13
905.73
906.31
906.64
960.77
963.61
964.20
965.06
974.39
977.27
984.25
1020.59
1048.25
1049.19
1049.79
1049.98
1050.95
1051.84
1052.46
1053.25
1183.42
1184.73
1187.32
1233.90
1241.04
1243.50
1244.29
1245.46
1246.57
1249.04
1250.11
1251.58
1386.79
1388.11
1388.44
1388.54
1388.85
1389.69
1389.96
1390.06
1412.83
1414.18
1414.28
1416.95
1481.03
1481.67
1482.34
1482.55
1489.37
1491.44
1492.40
1494.29
1494.30
1494.66
1495.26
1496.40
1511.01
1511.88
1512.90
1513.12
1513.51
1514.08
1515.33
1515.94
1532.27
1532.75
1534.14
1535.66
2887.16
2894.26
2897.11
2903.39
2906.46
2911.33
2914.18
2918.74
2985.25
2997.18
3011.13
3030.18
3031.45
3032.92
3033.78
3036.82
3037.19
3039.29
3040.35
3041.17
3041.77
3042.99
3044.04
3048.51
3054.14
3062.42
3067.40
3069.15
3070.72
3072.04
3072.13
3073.05
3079.87
3083.40
3085.63
3741.71
$end
