
$molecule
Ti    -3.609873  -1.918052   2.576568
 C    -5.498344  -1.720005   0.169948
 C    -4.618579  -0.576996  -0.342333
 H    -4.975450  -0.216948  -1.313064
 H    -4.641496   0.255227   0.369082
 H    -3.580785  -0.905351  -0.450251
 O    -4.961093  -2.202633   1.400946
 C    -3.934914   0.704015   4.217781
 C    -3.092921   1.960716   3.988700
 H    -3.276496   2.700176   4.774839
 H    -2.029463   1.703673   3.991304
 H    -3.336536   2.407904   3.020240
 O    -3.616412  -0.206122   3.170649
 C    -4.304080  -4.320350   4.369994
 C    -3.356142  -4.911003   5.428488
 H    -3.737733  -5.899307   5.715479
 H    -2.387465  -5.075404   4.939472
 O    -3.771532  -3.056310   3.974391
 C    -0.636278  -2.239915   1.936267
 C     0.016535  -1.255183   0.949643
 H     1.106874  -1.348150   1.037669
 H    -0.250603  -1.590595  -0.060124
 O    -2.041799  -2.217260   1.702398
 C    -5.712804  -4.086299   4.916768
 H    -6.141075  -5.018598   5.299749
 H    -5.697753  -3.349030   5.723472
 H    -6.358511  -3.705797   4.119127
 C    -4.353280  -5.239360   3.147470
 H    -4.993676  -4.804157   2.373740
 H    -3.347635  -5.369812   2.733985
 H    -4.749216  -6.223618   3.418138
 C    -3.584415   0.063003   5.561005
 H    -2.506284  -0.118284   5.616697
 H    -3.870596   0.719192   6.389796
 H    -4.093033  -0.897376   5.676749
 C    -5.431314   1.055060   4.118372
 H    -5.643250   1.853565   4.841181
 H    -5.596864   1.479446   3.119986
 C    -0.149426  -3.662458   1.656109
 H    -0.651278  -4.366337   2.327500
 H    -0.380054  -3.943059   0.624008
 H     0.931666  -3.742946   1.810295
 C    -0.357321  -1.861686   3.393466
 H    -0.784777  -0.881852   3.625043
 H    -0.811333  -2.600520   4.062747
 H     0.719812  -1.828398   3.588926
 C    -5.542456  -2.902599  -0.813890
 H    -6.189380  -3.668775  -0.368613
 H    -6.037738  -2.565333  -1.733740
 C    -6.914586  -1.216302   0.449485
 H    -7.530955  -2.024491   0.854743
 H    -6.885162  -0.402347   1.180423
 H    -7.382055  -0.844683  -0.468243
 C    -4.180916  -3.510213  -1.140061
 H    -3.556641  -2.823556  -1.719583
 H    -3.638475  -3.763554  -0.224119
 H    -4.300770  -4.423943  -1.730113
 C    -0.404436   0.200425   1.133576
 H    -1.494873   0.289319   1.163470
 H    -0.007738   0.624617   2.061063
 H    -0.034332   0.815345   0.307551
 C    -6.385319  -0.113785   4.342896
 H    -6.161069  -0.945542   3.666465
 H    -6.337098  -0.489194   5.369268
 H    -7.418501   0.192549   4.151558
 C    -3.157989  -4.041698   6.666135
 H    -2.399990  -4.477111   7.324259
 H    -2.825038  -3.039282   6.381449
 H    -4.079566  -3.942657   7.247725
$end
$temperature
298.15
$end
$mult
 1
$end
$sigma
 1
$end
$pressure
1.00000
$end
$scale
1.0
$end
$msrrho
$end
$freq
20.16
27.78
30.23
33.49
38.68
42.09
44.01
46.08
49.92
63.81
72.66
87.43
96.55
101.27
110.16
123.27
134.55
139.72
150.08
154.00
167.41
201.46
229.90
231.68
233.35
239.35
246.56
249.65
257.47
262.94
264.83
268.33
275.39
291.94
296.40
302.40
304.91
306.59
337.00
349.79
356.69
361.49
367.85
370.04
375.19
381.38
384.23
388.77
410.53
454.13
462.57
472.76
480.45
511.79
537.30
539.50
540.24
567.28
596.50
602.27
604.74
751.40
751.69
753.29
756.97
791.14
796.80
798.60
799.21
894.12
895.37
896.34
898.25
915.83
916.29
918.03
919.86
975.63
978.83
984.25
993.78
994.52
996.08
997.31
1002.24
1003.53
1004.17
1006.35
1026.95
1070.62
1072.29
1072.91
1074.01
1077.56
1078.75
1079.48
1086.22
1184.39
1185.30
1189.21
1205.64
1207.79
1208.69
1210.29
1223.34
1237.61
1239.04
1239.43
1243.31
1322.00
1322.74
1323.18
1328.59
1361.41
1362.92
1363.69
1364.31
1386.29
1388.46
1388.76
1389.27
1402.53
1404.07
1405.19
1406.46
1407.43
1408.68
1410.55
1412.29
1476.62
1478.81
1478.92
1479.67
1489.06
1489.69
1490.95
1491.92
1497.40
1498.04
1499.60
1500.28
1507.73
1508.62
1508.79
1510.95
1513.14
1514.76
1516.02
1516.63
1517.67
1519.23
1520.86
1522.01
1529.49
1531.00
1531.58
1532.67
2881.77
2889.00
2891.72
2894.11
2899.57
2900.06
2906.86
2911.49
2916.88
2926.16
2932.33
2936.87
2996.47
2998.71
2998.89
3001.45
3002.79
3008.48
3013.86
3029.29
3031.55
3033.48
3034.19
3038.58
3040.61
3042.11
3042.55
3044.15
3047.03
3048.78
3050.22
3051.71
3056.20
3059.31
3065.11
3065.84
3067.29
3068.94
3071.32
3076.43
3086.94
3094.03
3107.66
3886.69
$end
