---------------------------------------------------------------------
Results for m1_00_TiOEt4-PBE0-D3-TZ_TiCl4.all 

Average dfH = -316.29 

Uncertainty = 1.68
Computational contribution = 1.52
Experimental contribution = 0.73
---------------------------------------------------------------------
Number of reactions with all coeficients ≤  10 : 202  of  291
Parameters:
h1 = 8.98 
h2 = 25.99 

Summ of all weights = 81.2
---------------------------------------------------------------------
Average values and MSE of reaction characteristics:

                      Mean       St dev
          dfH      -316.29         0.76
     drE_corr         2.86        10.57
    n+dn_priv        14.90         2.62
          drH       -34.02        38.75
         ddrH         5.03         8.63
          drE       -39.70        38.96
      drE_CBS       -41.82        38.52
       drE_IT        -0.81         0.42
       drE_CV         1.42         0.51
       drE_SR        -0.46         0.23
   drE_HF_CBS       -42.57        36.82
     ddrHconf         0.65         0.43
          u/2         0.36         0.01


---------------------------------------------------------------------
202 reactions with the best weights:
---------------------------------------------------------------------
       weight      dfH  drE_corr   dn  n+|dn|      u      drH    ddrH      drE  drE_CBS  drE_CV  drE_IT  drE_TPNO  drE_SR  ddrHconf  drE_HF_CBS                                        reaction
84   1.000000 -316.906    -1.732   22   12.00  0.708  -50.135   5.824  -56.985  -59.056   1.332  -0.854     2.069  -0.476     1.026     -55.253         2TiO4C8H20+8ClH->3C5H12+O2C+6OH2+2TiCl4
1    0.972995 -316.690     1.595   12   12.00  0.718    8.256   8.901   -1.022   -3.874   1.946  -0.657     1.794  -0.231     0.377      -2.617           TiO4C8H20+CH4+4ClH->C5H12+4OCH4+TiCl4
245  0.965585 -316.756     4.827   74   11.14  0.713   -3.219   7.207  -10.803  -13.346   1.820  -0.805     1.848  -0.320     0.377     -15.630     7TiO4C8H20+28ClH->6C5H12+2O2C+24OCH4+7TiCl4
205  0.946725 -316.582     5.404   58   11.60  0.716   -1.671  11.612  -13.660  -16.576   1.853  -0.607     1.903  -0.233     0.377     -19.064      5TiO4C8H20+4H2+20ClH->4C5H12+20OCH4+5TiCl4
3    0.942850 -316.793     5.251   12   12.00  0.716   13.399   9.764    2.826   -0.229   1.923  -0.612     1.968  -0.224     0.809      -2.425           TiO4C8H20+CH4+4ClH->C5H12+4OCH4+TiCl4
155  0.940293 -316.758    -1.053   38   12.67  0.724    3.974   8.152   -4.555   -7.262   1.943  -0.686     1.689  -0.239     0.377      -3.502    3TiO4C8H20+4C2H6+12ClH->4C5H12+12OCH4+3TiCl4
156  0.934564 -316.895     3.821   38   12.67  0.719   10.831   9.303    0.574   -2.403   1.912  -0.627     1.922  -0.230     0.954      -3.247    3TiO4C8H20+4C2H6+12ClH->4C5H12+12OCH4+3TiCl4
226  0.934094 -316.567    -4.228   66   13.20  0.709  -64.736  13.829  -79.634  -82.214   1.244  -0.491     2.184  -0.357     1.069     -75.406       5TiO4C8H20+8H2+20ClH->8C5H12+20OH2+5TiCl4
160  0.932449 -316.855     4.244   38   12.67  0.718   11.449   9.463    1.609   -1.392   1.926  -0.629     1.927  -0.223     0.377      -2.635     3TiO4C8H20+4CH4+12ClH->4C4H10+12OCH4+3TiCl4
225  0.928239 -316.748     5.456   58   13.20  0.705  -51.700   4.596  -56.673  -58.544   1.279  -1.006     2.140  -0.542     0.377     -62.129      5TiO4C8H20+20ClH->12C3H8+4O2C+12OH2+5TiCl4
158  0.918248 -316.787     5.834   38   12.67  0.715   14.227   9.905    3.602    0.505   1.919  -0.609     2.009  -0.222     0.720      -2.232     3TiO4C8H20+4CH4+12ClH->4C4H10+12OCH4+3TiCl4
86   0.916959 -316.752    -7.215   22   12.00  0.713  -57.849   4.530  -62.756  -64.525   1.367  -0.920     1.807  -0.485     0.377     -55.541         2TiO4C8H20+8ClH->3C5H12+O2C+6OH2+2TiCl4
15   0.916841 -316.493    -1.814   14   14.00  0.706  -68.973  15.309  -85.173  -87.829   1.194  -0.466     2.283  -0.355     0.891     -83.359           TiO4C8H20+2H2+4ClH->2C4H10+4OH2+TiCl4
254  0.913113 -315.605     3.009   78   12.29  0.735  -38.581   2.101  -41.801  -43.523   1.157  -0.840     1.925  -0.520     1.119     -44.810  7TiO4C8H20+28ClCH3->12C5H12+4O2C+20OCH4+7TiCl4
243  0.912524 -316.844     7.961   74   11.14  0.712    1.190   7.947   -7.505  -10.220   1.800  -0.767     1.997  -0.315     0.748     -15.466     7TiO4C8H20+28ClH->6C5H12+2O2C+24OCH4+7TiCl4
208  0.897098 -316.664     8.328   58   11.60  0.714    2.443  12.303  -10.583  -13.660   1.834  -0.572     2.043  -0.228     0.723     -18.911      5TiO4C8H20+4H2+20ClH->4C5H12+20OCH4+5TiCl4
253  0.893907 -315.428    -3.257   78   12.29  0.742  -47.398   0.622  -48.397  -49.773   1.197  -0.916     1.626  -0.531     0.377     -45.140  7TiO4C8H20+28ClCH3->12C5H12+4O2C+20OCH4+7TiCl4
271  0.893272 -317.141     5.732  106   13.56  0.710  -37.558   2.987  -40.922  -43.380   1.735  -0.799     2.134  -0.612     0.377     -46.654      9TiO4C8H20+36ClH->16C4H10+28OH2+8OC+9TiCl4
213  0.890573 -316.820     8.619   54   11.60  0.714    7.202   6.559    0.266   -2.573   2.031  -0.736     1.905  -0.361     0.377      -8.353      5TiO4C8H20+20ClH->4C5H12+18OCH4+2OC+5TiCl4
0    0.888453 -316.678     8.343   12   12.00  0.715   -1.759  12.711  -14.847  -17.889   1.814  -0.574     2.031  -0.229     0.377     -23.190            TiO4C8H20+H2+4ClH->C4H10+4OCH4+TiCl4
8    0.882518 -316.595    -4.199   14   14.00  0.712  -73.139  14.646  -88.162  -90.673   1.204  -0.495     2.160  -0.358     0.377     -83.963           TiO4C8H20+2H2+4ClH->2C4H10+4OH2+TiCl4
274  0.870645 -317.051     7.852  106   13.56  0.704  -33.855   3.577  -38.266  -40.852   1.726  -0.773     2.243  -0.610     0.834     -46.118      9TiO4C8H20+36ClH->16C4H10+28OH2+8OC+9TiCl4
13   0.867977 -317.038     1.596   14   14.00  0.726    6.622   8.620   -2.375   -5.232   1.911  -0.659     1.837  -0.232     0.377      -3.971        TiO4C8H20+2C2H6+4ClH->2C4H10+4OCH4+TiCl4
19   0.865297 -316.936     3.981   14   14.00  0.720   10.788   9.283    0.614   -2.387   1.901  -0.630     1.960  -0.230     0.891      -3.367        TiO4C8H20+2C2H6+4ClH->2C4H10+4OCH4+TiCl4
194  0.865208 -315.656    -5.068   46   13.00  0.736  -81.351   0.333  -83.035  -84.221   0.767  -0.912     1.985  -0.654     1.351     -77.967    4TiO4C8H20+16ClCH3->9C5H12+3O2C+10OH2+4TiCl4
217  0.864719 -315.245     3.744   66   13.20  0.739  -36.074  10.814  -47.957  -50.403   1.225  -0.449     2.017  -0.347     1.069     -51.701    5TiO4C8H20+8H2+20ClCH3->8C5H12+20OCH4+5TiCl4
2    0.863276 -316.628     9.535   12   12.00  0.714    0.325  13.043  -13.352  -16.467   1.809  -0.559     2.093  -0.228     0.634     -22.887            TiO4C8H20+H2+4ClH->C4H10+4OCH4+TiCl4
222  0.863012 -315.080    -2.104   66   13.20  0.745  -44.303   9.433  -54.113  -56.236   1.262  -0.519     1.738  -0.358     0.377     -52.009    5TiO4C8H20+8H2+20ClCH3->8C5H12+20OCH4+5TiCl4
221  0.854109 -315.555     4.325   58   13.20  0.741  -26.556  -0.673  -26.260  -28.228   1.618  -0.777     1.740  -0.613     0.377     -30.585    5TiO4C8H20+20ClCH3->8C5H12+16OCH4+4OC+5TiCl4
4    0.847806 -316.966     3.586   14   14.00  0.729   11.048   9.324    0.482   -2.508   1.922  -0.626     1.926  -0.232     1.242      -3.104        TiO4C8H20+2C3H8+4ClH->2C5H12+4OCH4+TiCl4
9    0.834532 -316.620     6.916   14   14.00  0.716   15.750  10.205    5.168    2.049   1.923  -0.599     2.011  -0.216     0.377      -1.748          TiO4C8H20+2CH4+4ClH->2C3H8+4OCH4+TiCl4
83   0.830717 -316.753    11.242   22   12.00  0.709   -6.205   6.914  -13.496  -16.007   1.709  -0.873     2.051  -0.376     0.377     -24.738         2TiO4C8H20+8ClH->3C3H8+O2C+6OCH4+2TiCl4
12   0.823777 -316.760    -3.725   14   14.00  0.739    0.762   7.597   -7.212   -9.798   1.969  -0.715     1.577  -0.245     0.377      -3.487        TiO4C8H20+2C3H8+4ClH->2C5H12+4OCH4+TiCl4
21   0.822500 -315.502    -2.411   14   14.00  0.744  -14.162   5.737  -21.141  -23.541   1.402  -0.530     1.867  -0.339     1.242     -18.730       TiO4C8H20+2CH4+4ClCH3->2C5H12+4OCH4+TiCl4
211  0.820740 -316.902    11.543   54   11.60  0.712   11.316   7.250    3.343    0.343   2.012  -0.700     2.044  -0.356     0.723      -8.200      5TiO4C8H20+20ClH->4C5H12+18OCH4+2OC+5TiCl4
7    0.816685 -315.273     3.774   14   14.00  0.742  -44.477  11.631  -56.485  -58.862   1.185  -0.453     1.993  -0.348     0.377     -60.259        TiO4C8H20+2H2+4ClCH3->2C4H10+4OCH4+TiCl4
174  0.812438 -316.165     2.095   46   15.33  0.707  -76.210  17.801  -94.388  -97.086   1.127  -0.418     2.340  -0.351     0.377     -96.483        3TiO4C8H20+8H2+12ClH->8C3H8+12OH2+3TiCl4
224  0.811486 -316.402   -10.077   66   13.20  0.715  -72.965  12.448  -85.790  -88.048   1.282  -0.562     1.905  -0.367     0.377     -75.713       5TiO4C8H20+8H2+20ClH->8C5H12+20OH2+5TiCl4
11   0.801465 -315.171     6.158   14   14.00  0.736  -40.311  12.293  -53.495  -56.017   1.175  -0.423     2.116  -0.346     0.891     -59.653        TiO4C8H20+2H2+4ClCH3->2C4H10+4OCH4+TiCl4
153  0.796495 -316.463    11.490   38   12.67  0.714   -3.294  14.289  -17.960  -21.095   1.775  -0.535     2.121  -0.226     0.377     -29.450       3TiO4C8H20+4H2+12ClH->4C3H8+12OCH4+3TiCl4
87   0.792147 -316.975    12.361   22   12.00  0.712    9.333   6.395    2.561   -0.384   2.036  -0.735     2.032  -0.388     0.377      -9.800         2TiO4C8H20+8ClH->2C4H10+7OCH4+OC+2TiCl4
16   0.767918 -316.825   -10.383   14   14.00  0.714  -42.823   8.752  -52.817  -55.351   1.421  -0.573     2.034  -0.348     1.242     -42.434          TiO4C8H20+2CH4+4ClH->2C5H12+4OH2+TiCl4
229  0.767612 -315.418     5.715   62   14.80  0.731  -83.700  -1.509  -82.568  -83.453   0.688  -1.141     2.092  -0.754     0.377     -88.283     5TiO4C8H20+20ClCH3->18C3H8+6O2C+8OH2+5TiCl4
223  0.765694 -315.720    10.174   58   13.20  0.735  -18.328   0.708  -20.105  -22.396   1.581  -0.706     2.019  -0.603     1.069     -30.279    5TiO4C8H20+20ClCH3->8C5H12+16OCH4+4OC+5TiCl4
81   0.758841 -316.924    13.554   22   12.00  0.711   11.416   6.726    4.056    1.038   2.031  -0.720     2.094  -0.387     0.634      -9.498         2TiO4C8H20+8ClH->2C4H10+7OCH4+OC+2TiCl4
5    0.752437 -315.422     9.572   12   14.00  0.730  -53.369   0.036  -53.782  -55.094   0.974  -1.052     2.033  -0.643     0.377     -63.354         TiO4C8H20+4ClCH3->3C3H8+O2C+2OCH4+TiCl4
169  0.744719 -315.490    -1.244   46   15.33  0.740  -12.506   6.018  -19.587  -22.072   1.394  -0.524     1.949  -0.334     1.063     -18.343   3TiO4C8H20+8CH4+12ClCH3->8C4H10+12OCH4+3TiCl4
178  0.715041 -316.812    -9.216   46   15.33  0.710  -41.168   9.033  -51.264  -53.885   1.414  -0.566     2.116  -0.343     1.063     -42.048      3TiO4C8H20+8CH4+12ClH->8C4H10+12OH2+3TiCl4
177  0.706053 -316.008     6.129   38   15.33  0.740  -62.486  -3.923  -58.940  -60.705   1.372  -0.830     2.082  -0.859     0.377     -65.069      3TiO4C8H20+12ClCH3->8C4H10+8OH2+4OC+3TiCl4
234  0.704596 -315.148    -8.812   74   14.80  0.738 -103.253  12.340 -117.009 -118.958   0.635  -0.368     2.158  -0.476     1.416    -108.197   5TiO4C8H20+12H2+20ClCH3->12C5H12+20OH2+5TiCl4
17   0.702283 -315.297    -9.722   14   14.00  0.754  -24.447   4.011  -28.835  -30.831   1.449  -0.619     1.518  -0.352     0.377     -19.113       TiO4C8H20+2CH4+4ClCH3->2C5H12+4OCH4+TiCl4
180  0.702164 -315.625    -4.423   46   15.33  0.752  -18.061   5.134  -23.572  -25.863   1.408  -0.563     1.784  -0.338     0.377     -19.149   3TiO4C8H20+8CH4+12ClCH3->8C4H10+12OCH4+3TiCl4
14   0.687704 -315.866    11.811   12   14.00  0.737  -22.294  -1.002  -21.669  -23.852   1.630  -0.775     1.995  -0.667     0.377     -33.480         TiO4C8H20+4ClCH3->2C4H10+3OCH4+OC+TiCl4
172  0.682733 -315.706    -5.271   46   15.33  0.758  -19.298   4.814  -25.643  -27.887   1.381  -0.560     1.774  -0.351     1.531     -20.372  3TiO4C8H20+8C2H6+12ClCH3->8C5H12+12OCH4+3TiCl4
264  0.682438 -316.750    13.068   86   14.57  0.707  -52.931   3.247  -56.555  -58.230   1.244  -1.178     2.232  -0.623     0.377     -69.623      7TiO4C8H20+28ClH->24C2H6+8O2C+12OH2+7TiCl4
23   0.682077 -315.037    -5.191   16   16.00  0.731 -109.608  14.560 -125.316 -127.379   0.560  -0.330     2.306  -0.473     1.148    -120.125         TiO4C8H20+3H2+4ClCH3->3C4H10+4OH2+TiCl4
184  0.678405 -315.873     9.308   38   15.33  0.728  -56.931  -3.039  -54.955  -56.913   1.358  -0.791     2.247  -0.856     1.063     -64.263      3TiO4C8H20+12ClCH3->8C4H10+8OH2+4OC+3TiCl4
219  0.676682 -316.753    15.413   58   13.20  0.708  -16.165   5.505  -22.047  -24.292   1.598  -1.020     2.133  -0.466     0.377     -37.460     5TiO4C8H20+20ClH->12C2H6+4O2C+12OCH4+5TiCl4
193  0.669861 -315.425   -13.293   46   13.00  0.748  -92.923  -1.609  -91.691  -92.422   0.820  -1.012     1.592  -0.669     0.377     -78.398    4TiO4C8H20+16ClCH3->9C5H12+3O2C+10OH2+4TiCl4
265  0.662117 -316.928    13.965   86   14.57  0.705  -30.024   2.361  -32.762  -35.363   1.820  -0.820     2.281  -0.680     0.377     -46.727       7TiO4C8H20+28ClH->16C3H8+20OH2+8OC+7TiCl4
173  0.647664 -314.843    10.068   46   15.33  0.737  -47.548  14.786  -62.711  -65.274   1.108  -0.376     2.173  -0.342     0.377     -72.779     3TiO4C8H20+8H2+12ClCH3->8C3H8+12OCH4+3TiCl4
154  0.643354 -316.859    16.848   34   12.67  0.710   11.495   5.867    5.251    2.244   2.072  -0.750     2.123  -0.438     0.377     -11.597       3TiO4C8H20+12ClH->4C3H8+10OCH4+2OC+3TiCl4
20   0.641234 -316.319    15.090   14   14.00  0.715  -10.139  16.803  -27.319  -30.548   1.717  -0.488     2.225  -0.225     0.377     -42.409           TiO4C8H20+2H2+4ClH->2C2H6+4OCH4+TiCl4
10   0.637713 -315.764    14.196   12   14.00  0.731  -18.128  -0.339  -18.680  -21.008   1.619  -0.745     2.119  -0.665     0.891     -32.876         TiO4C8H20+4ClCH3->2C4H10+3OCH4+OC+TiCl4
187  0.624583 -316.947   -12.396   46   15.33  0.722  -46.723   8.150  -55.250  -57.676   1.427  -0.605     1.951  -0.347     0.377     -42.854      3TiO4C8H20+8CH4+12ClH->8C4H10+12OH2+3TiCl4
22   0.609895 -315.189    -8.768   16   16.00  0.745 -115.858  13.566 -129.801 -131.646   0.575  -0.374     2.121  -0.477     0.377    -121.033         TiO4C8H20+3H2+4ClCH3->3C4H10+4OH2+TiCl4
171  0.594895 -317.028   -13.243   46   15.33  0.728  -47.960   7.829  -57.320  -59.698   1.400  -0.602     1.941  -0.361     1.531     -44.077     3TiO4C8H20+8C2H6+12ClH->8C5H12+12OH2+3TiCl4
258  0.562879 -317.800     1.369   70   18.00  0.709  -12.502 -19.226    6.347    6.046   1.624  -1.996     1.513  -0.840     0.377       4.978      5TiO4C8H20+20ClH->24H2+6C5H12+10O2C+5TiCl4
18   0.551148 -316.619   -17.694   14   14.00  0.724  -53.109   7.026  -60.512  -62.643   1.468  -0.661     1.685  -0.361     0.377     -42.818          TiO4C8H20+2CH4+4ClH->2C5H12+4OH2+TiCl4
259  0.543553 -317.924     5.755   70   18.00  0.705   -6.331 -18.190   10.963   10.420   1.596  -1.943     1.722  -0.832     0.896       5.208      5TiO4C8H20+20ClH->24H2+6C5H12+10O2C+5TiCl4
152  0.540279 -317.945     5.777   28   18.00  0.707  -12.633 -17.577    4.567    4.076   1.566  -1.946     1.704  -0.833     0.377      -1.210         2TiO4C8H20+8ClH->9H2+3C4H10+4O2C+2TiCl4
52   0.528456 -316.504     1.171   14   18.00  0.732  -44.848 -19.679  -26.411  -26.323   0.987  -1.820     1.696  -0.951     1.242     -27.582         TiO4C8H20+4ClCH3->4H2+2C5H12+2O2C+TiCl4
151  0.527473 -317.868     7.566   28   18.00  0.703   -9.508 -17.080    6.810    6.209   1.559  -1.924     1.797  -0.831     0.762      -0.756         2TiO4C8H20+8ClH->9H2+3C4H10+4O2C+2TiCl4
53   0.526295 -314.544     0.673   18   18.00  0.734 -120.464  18.298 -139.139 -141.263   0.459  -0.259     2.392  -0.468     0.377    -139.812          TiO4C8H20+4H2+4ClCH3->4C3H8+4OH2+TiCl4
150  0.523073 -316.412     4.189   28   18.00  0.727  -50.144 -17.830  -33.334  -33.341   0.924  -1.788     1.820  -0.949     1.020     -37.523       2TiO4C8H20+8ClCH3->7H2+5C4H10+4O2C+2TiCl4
149  0.521242 -316.539     1.208   28   18.00  0.737  -55.352 -18.658  -37.071  -36.897   0.937  -1.825     1.666  -0.952     0.377     -38.279       2TiO4C8H20+8ClCH3->7H2+5C4H10+4O2C+2TiCl4
38   0.514169 -316.479    -7.053   18   18.00  0.716  -38.121   9.634  -48.132  -50.797   1.423  -0.545     2.119  -0.332     0.377     -41.079           TiO4C8H20+4CH4+4ClH->4C3H8+4OH2+TiCl4
27   0.509712 -316.752     4.290   18   18.00  0.736   10.396   9.261    0.758   -2.193   1.892  -0.629     1.914  -0.226     0.377      -3.532         TiO4C8H20+4C2H6+4ClH->4C3H8+4OCH4+TiCl4
44   0.509204 -315.156     0.919   18   18.00  0.746   -9.460   6.618  -16.455  -18.984   1.403  -0.503     1.952  -0.323     0.377     -17.374        TiO4C8H20+4CH4+4ClCH3->4C3H8+4OCH4+TiCl4
31   0.498434 -317.120     3.671   18   18.00  0.747   11.180   9.304    0.470   -2.583   1.910  -0.630     2.006  -0.233     1.406      -3.201        TiO4C8H20+4C3H8+4ClH->4C4H10+4OCH4+TiCl4
59   0.495282 -315.876     9.295   18   18.00  0.710  -89.900  22.829 -113.106 -115.989   1.010  -0.324     2.548  -0.351     0.377    -122.401            TiO4C8H20+4H2+4ClH->4C2H6+4OH2+TiCl4
185  0.488599 -315.431   -15.019   46   15.33  0.774  -33.013   2.512  -35.902  -37.607   1.443  -0.678     1.309  -0.369     0.377     -20.883  3TiO4C8H20+8C2H6+12ClCH3->8C5H12+12OCH4+3TiCl4
64   0.487389 -316.298    -6.139   14   18.00  0.742  -55.134 -21.405  -34.106  -33.614   1.034  -1.909     1.347  -0.964     0.377     -27.967         TiO4C8H20+4ClCH3->4H2+2C5H12+2O2C+TiCl4
55   0.486313 -317.622    10.498   14   18.00  0.704  -14.936 -15.211   -0.102   -0.734   1.508  -1.888     1.840  -0.828     0.377     -10.600            TiO4C8H20+4ClH->4H2+2C3H8+2O2C+TiCl4
238  0.481656 -314.900   -17.585   74   14.80  0.752 -115.596  10.269 -126.242 -127.707   0.691  -0.474     1.739  -0.491     0.377    -108.657   5TiO4C8H20+12H2+20ClCH3->12C5H12+20OH2+5TiCl4
196  0.480562 -315.211     7.628   46   18.00  0.736 -110.902  -1.001 -110.278 -110.008   0.003  -1.625     2.071  -0.719     0.377    -117.906      3TiO4C8H20+4OC+12ClCH3->16C2H6+8O2C+3TiCl4
29   0.475229 -317.323    -1.098   18   18.00  0.772    2.847   7.979   -5.509   -8.273   1.931  -0.689     1.760  -0.238     0.377      -4.411        TiO4C8H20+4C3H8+4ClH->4C4H10+4OCH4+TiCl4
35   0.474366 -316.488     9.541   18   18.00  0.723   21.104  11.149    9.578    6.291   1.954  -0.568     2.107  -0.206     0.377       0.037          TiO4C8H20+4CH4+4ClH->4C2H6+4OCH4+TiCl4
40   0.473732 -315.788    -4.950   18   18.00  0.760  -19.384   4.773  -25.563  -27.858   1.359  -0.565     1.851  -0.350     1.406     -20.613      TiO4C8H20+4C2H6+4ClCH3->4C4H10+4OCH4+TiCl4
195  0.472607 -316.001     9.076   42   18.00  0.729  -59.190 -14.714  -44.853  -44.912   0.840  -1.729     1.892  -0.944     0.377     -53.929      3TiO4C8H20+12ClCH3->8H2+10C3H8+6O2C+3TiCl4
54   0.454479 -316.812     3.500   18   18.00  0.783   10.916   9.343    0.494   -2.432   1.934  -0.622     1.846  -0.232     1.079      -3.006       TiO4C8H20+4C4H10+4ClH->4C5H12+4OCH4+TiCl4
49   0.427552 -315.848    -5.741   18   18.00  0.795  -18.864   4.855  -25.827  -28.096   1.401  -0.558     1.782  -0.356     2.108     -20.086      TiO4C8H20+4C3H8+4ClCH3->4C5H12+4OCH4+TiCl4
45   0.420717 -315.757    12.904   14   18.00  0.726 -104.773  -7.850  -97.300  -97.126   0.567  -1.660     1.897  -0.978     0.377    -110.204         TiO4C8H20+4ClCH3->5CH4+C5H12+2O2C+TiCl4
250  0.417544 -315.423    17.914   66   16.40  0.733  -73.290  -2.781  -70.886  -71.668   0.754  -1.346     2.197  -0.823     0.377     -88.800    5TiO4C8H20+20ClCH3->24C2H6+8O2C+4OCH4+5TiCl4
25   0.417532 -315.534   -18.045   16   16.00  0.749  -70.384   4.725  -76.784  -78.665   0.901  -0.490     1.933  -0.463     1.675     -58.739        TiO4C8H20+3CH4+4ClCH3->3C5H12+4OH2+TiCl4
39   0.415817 -317.111   -12.923   18   18.00  0.730  -48.045   7.789  -57.240  -59.670   1.378  -0.607     2.018  -0.359     1.406     -44.317         TiO4C8H20+4C2H6+4ClH->4C4H10+4OH2+TiCl4
50   0.414855 -318.084    12.912   18   18.00  0.731   40.960  13.792   26.791   23.083   2.443  -0.695     2.069  -0.109     0.377      13.879              TiO4C8H20+8ClH->4OCH4+TiCl4+4ClCH3
6    0.413879 -316.912    23.127   12   14.00  0.709   12.044   4.170    7.497    4.462   2.161  -0.810     2.228  -0.544     0.377     -15.630            TiO4C8H20+4ClH->2C2H6+3OCH4+OC+TiCl4
269  0.407518 -315.422    17.132   94   16.86  0.734  -85.545  -3.534  -82.388  -82.980   0.636  -1.398     2.230  -0.876     0.377     -99.520    7TiO4C8H20+28ClCH3->36C2H6+12O2C+4OH2+7TiCl4
189  0.403557 -315.634    20.784   38   15.33  0.731  -17.970  -2.058  -16.289  -18.594   1.700  -0.805     2.177  -0.767     0.377     -37.073      3TiO4C8H20+12ClCH3->8C3H8+8OCH4+4OC+3TiCl4
47   0.401367 -315.992    -9.720   18   18.00  0.784  -27.716   3.448  -31.541  -33.547   1.380  -0.623     1.604  -0.355     0.377     -21.821      TiO4C8H20+4C2H6+4ClCH3->4C4H10+4OCH4+TiCl4
36   0.395436 -316.118   -15.443   18   18.00  0.710 -129.002  10.846 -140.225 -139.311  -0.654  -1.859     1.754  -0.155     0.377    -124.782            TiO4C8H20+4OC+4ClH->4C2H6+4O2C+TiCl4
57   0.393738 -316.609     8.269   18   18.00  0.807   19.249  10.668    6.473    3.256   1.914  -0.563     2.092  -0.226     2.108      -1.796       TiO4C8H20+4C4H10+4ClH->4C5H12+4OCH4+TiCl4
60   0.392706 -317.405    15.897   14   18.00  0.705  -25.204 -11.440  -14.141  -14.910   1.420  -1.818     1.995  -0.828     0.377     -30.038            TiO4C8H20+4ClH->3H2+3C2H6+2O2C+TiCl4
270  0.383798 -315.689    18.477   94   16.86  0.730  -51.186  -4.863  -46.700  -48.682   1.499  -0.861     2.304  -0.960     0.377     -65.177    7TiO4C8H20+28ClCH3->24C3H8+16OH2+12OC+7TiCl4
67   0.377904 -316.197    -6.352   18   18.00  0.841   -1.323   7.216   -8.916  -11.323   2.007  -0.741     1.393  -0.252     0.377      -2.564       TiO4C8H20+4C4H10+4ClH->4C5H12+4OCH4+TiCl4
200  0.376295 -315.922    15.553   42   18.00  0.726 -101.580  -7.289  -94.668  -94.642   0.547  -1.632     2.030  -0.971     0.377    -110.221    3TiO4C8H20+12ClCH3->14CH4+4C4H10+6O2C+3TiCl4
28   0.366069 -317.171   -13.713   18   18.00  0.766  -47.525   7.871  -57.504  -59.908   1.420  -0.600     1.949  -0.365     2.108     -43.791         TiO4C8H20+4C3H8+4ClH->4C5H12+4OH2+TiCl4
42   0.360708 -315.860    16.559   14   18.00  0.724  -99.630  -6.987  -93.452  -93.479   0.544  -1.616     2.071  -0.972     0.809    -110.011         TiO4C8H20+4ClCH3->5CH4+C5H12+2O2C+TiCl4
58   0.353087 -316.401   -11.122   18   18.00  0.818   -9.655   5.891  -14.893  -17.012   2.028  -0.799     1.147  -0.257    -0.653      -3.771       TiO4C8H20+4C4H10+4ClH->4C5H12+4OCH4+TiCl4
197  0.351320 -315.854    17.143   42   18.00  0.723  -98.802  -6.847  -92.675  -92.744   0.540  -1.613     2.112  -0.970     0.720    -109.818    3TiO4C8H20+12ClCH3->14CH4+4C4H10+6O2C+3TiCl4
26   0.348814 -315.515   -16.294   18   18.00  0.741  -67.901   5.146  -74.453  -76.460   0.889  -0.481     2.055  -0.456     1.406     -58.159        TiO4C8H20+4CH4+4ClCH3->4C4H10+4OH2+TiCl4
170  0.336758 -316.753   -22.991   46   15.33  0.745  -61.675   5.528  -67.580  -69.421   1.463  -0.720     1.476  -0.378     0.377     -44.589     3TiO4C8H20+8C2H6+12ClH->8C5H12+12OH2+3TiCl4
51   0.333252 -314.554    17.267   18   18.00  0.740  -61.238  19.813  -81.428  -84.177   0.991  -0.282     2.381  -0.341     0.377     -98.695         TiO4C8H20+4H2+4ClCH3->4C2H6+4OCH4+TiCl4
37   0.331073 -315.687    18.224   14   18.00  0.724  -97.279  -6.547  -91.109  -91.202   0.545  -1.602     2.114  -0.964     0.377    -109.333         TiO4C8H20+4ClCH3->4CH4+2C3H8+2O2C+TiCl4
66   0.325589 -315.640    18.075   14   18.00  0.733  -76.303  -8.429  -68.251  -68.540   0.694  -1.612     2.151  -0.944     0.377     -86.326           TiO4C8H20+4ClCH3->H2+5C2H6+2O2C+TiCl4
43   0.312350 -317.314   -17.692   18   18.00  0.756  -56.378   6.464  -63.219  -65.359   1.399  -0.666     1.771  -0.364     0.377     -45.527         TiO4C8H20+4C2H6+4ClH->4C4H10+4OH2+TiCl4
246  0.298263 -317.003    24.472   66   16.40  0.706  -22.502   0.207  -23.086  -25.798   2.004  -0.905     2.424  -0.811     0.377     -47.558       5TiO4C8H20+20ClH->16C2H6+12OH2+8OC+5TiCl4
62   0.297106 -316.150    20.638   18   18.00  0.713  -41.382  22.456  -64.215  -67.385   1.480  -0.408     2.343  -0.245     0.377     -84.853            TiO4C8H20+4H2+4ClH->4CH4+4OCH4+TiCl4
33   0.280548 -315.555    20.849   14   18.00  0.729  -91.925  -5.603  -86.699  -86.959   0.576  -1.572     2.210  -0.954     0.377    -107.548         TiO4C8H20+4ClCH3->2CH4+4C2H6+2O2C+TiCl4
65   0.265885 -316.762    20.885   18   18.00  0.748   69.622  10.776   58.469   54.895   2.424  -0.652     1.902  -0.100     0.377      37.584                TiO4C8H20+4OH2+4ClH->8OCH4+TiCl4
41   0.250749 -315.718   -21.063   18   18.00  0.766  -76.234   3.821  -80.432  -82.151   0.910  -0.539     1.809  -0.461     0.377     -59.369        TiO4C8H20+4CH4+4ClCH3->4C4H10+4OH2+TiCl4
34   0.240924 -317.151    24.220   14   18.00  0.703  -72.069  -2.960  -69.486  -70.167   1.064  -1.698     2.172  -0.857     0.377     -93.706                 TiO4C8H20+4ClH->6CH4+2O2C+TiCl4
63   0.223489 -315.437   -20.362   18   18.00  0.829  -39.435   1.403  -41.215  -42.677   1.494  -0.735     1.084  -0.381     0.377     -20.853      TiO4C8H20+4C3H8+4ClCH3->4C5H12+4OCH4+TiCl4
56   0.223465 -314.786   -24.065   18   18.00  0.734 -159.566   6.316 -166.259 -164.588  -1.205  -1.793     1.598  -0.271     0.377    -142.194          TiO4C8H20+4OC+4ClCH3->4C3H8+4O2C+TiCl4
48   0.223425 -315.839   -22.335   18   18.00  0.779  -78.089   3.340  -83.537  -85.183   0.869  -0.535     1.794  -0.482     2.108     -61.202       TiO4C8H20+4C2H6+4ClCH3->4C5H12+4OH2+TiCl4
24   0.184049 -315.225   -29.011   16   16.00  0.770  -85.813   2.136  -88.326  -89.600   0.971  -0.623     1.409  -0.483     0.377     -59.315        TiO4C8H20+3CH4+4ClCH3->3C5H12+4OH2+TiCl4
71   0.177227 -314.111    11.472   22   22.00  0.740 -140.999  25.840 -167.216 -169.619   0.284  -0.118     2.704  -0.467     0.377    -178.688          TiO4C8H20+6H2+4ClCH3->6C2H6+4OH2+TiCl4
206  0.173005 -315.352    23.710   46   19.33  0.746  -86.788  -4.680  -82.196  -82.613   0.597  -1.542     2.303  -0.941     0.088    -105.906   3TiO4C8H20+2C5H12+12ClCH3->20C2H6+6O2C+3TiCl4
77   0.161632 -315.015   -13.050   22   22.00  0.753  -63.331   6.047  -69.755  -71.830   0.903  -0.449     2.060  -0.439     0.377     -56.705         TiO4C8H20+6CH4+4ClCH3->6C3H8+4OH2+TiCl4
69   0.150316 -315.332    23.630   16   20.00  0.748  -86.766  -4.669  -82.216  -82.619   0.602  -1.541     2.284  -0.942     0.119    -105.846        TiO4C8H20+C4H10+4ClCH3->7C2H6+2O2C+TiCl4
214  0.144139 -315.421    26.147   46   19.33  0.747  -83.359  -4.104  -79.632  -80.182   0.581  -1.513     2.419  -0.937     0.377    -105.779   3TiO4C8H20+2C5H12+12ClCH3->20C2H6+6O2C+3TiCl4
68   0.137264 -315.281    24.822   16   20.00  0.750  -84.683  -4.338  -80.722  -81.198   0.597  -1.526     2.345  -0.940     0.377    -105.544        TiO4C8H20+C4H10+4ClCH3->7C2H6+2O2C+TiCl4
61   0.134403 -316.759   -28.335   18   18.00  0.802  -68.097   4.419  -72.893  -74.490   1.514  -0.777     1.251  -0.391     0.377     -44.558         TiO4C8H20+4C3H8+4ClH->4C5H12+4OH2+TiCl4
80   0.117919 -314.758    19.164   18   22.00  0.762 -101.852  -6.924  -95.305  -95.355   0.331  -1.508     2.229  -1.002     0.377    -114.469         TiO4C8H20+6ClCH3->6C2H6+2O2C+TiCl4+2ClH
32   0.102421 -315.741    33.342   14   18.00  0.731  -16.871  -5.451  -11.797  -14.159   1.880  -0.926     2.387  -0.979     0.377     -45.139         TiO4C8H20+4ClCH3->4C2H6+2OCH4+2OC+TiCl4
72   0.094608 -315.963   -21.854   22   22.00  0.784  -78.217   3.280  -83.417  -85.139   0.836  -0.542     1.908  -0.480     1.920     -61.563       TiO4C8H20+6C2H6+4ClCH3->6C4H10+4OH2+TiCl4
75   0.090540 -315.424    23.475   18   22.00  0.759  -86.570  -4.659  -82.288  -82.718   0.607  -1.541     2.307  -0.943     0.377    -105.763        TiO4C8H20+2C3H8+4ClCH3->8C2H6+2O2C+TiCl4
30   0.077850 -317.336    36.713   14   18.00  0.704    2.984  -2.809    5.416    2.634   2.369  -1.053     2.349  -0.883     0.377     -31.297            TiO4C8H20+4ClH->4CH4+2OCH4+2OC+TiCl4
78   0.073011 -316.053   -23.039   22   22.00  0.858  -77.437   3.403  -83.814  -85.499   0.899  -0.532     1.806  -0.488     2.974     -60.775       TiO4C8H20+6C3H8+4ClCH3->6C5H12+4OH2+TiCl4
263  0.068924 -315.801    34.239   74   19.60  0.732  -39.902  -8.094  -32.185  -34.330   1.775  -0.990     2.517  -1.157     0.377     -66.424     5TiO4C8H20+20ClCH3->24C2H6+8OH2+12OC+5TiCl4
109  0.059592 -316.215    -1.803   26   26.00  0.742  -27.413  11.522  -39.312  -42.313   1.485  -0.484     2.312  -0.312     0.377     -37.509           TiO4C8H20+8CH4+4ClH->8C2H6+4OH2+TiCl4
46   0.056702 -315.427   -36.957   18   18.00  0.814  -98.661  -0.112  -98.926  -99.764   0.963  -0.712     1.095  -0.508     0.377     -61.969       TiO4C8H20+4C2H6+4ClCH3->4C5H12+4OH2+TiCl4
119  0.052421 -314.893     6.170   26   26.00  0.771    1.249   8.506   -7.634  -10.500   1.465  -0.442     2.145  -0.302     0.377     -13.804        TiO4C8H20+8CH4+4ClCH3->8C2H6+4OCH4+TiCl4
73   0.048554 -316.268   -29.008   22   22.00  0.836  -90.716   1.292  -92.385  -93.673   0.867  -0.630     1.538  -0.487     0.377     -63.377       TiO4C8H20+6C2H6+4ClCH3->6C4H10+4OH2+TiCl4
88   0.047803 -315.420    -4.332   26   26.00  0.819  -20.168   4.730  -25.275  -27.468   1.342  -0.564     1.758  -0.343     0.377     -20.943       TiO4C8H20+8C2H6+4ClCH3->8C3H8+4OCH4+TiCl4
99   0.042773 -316.156    -5.569   26   26.00  0.858  -18.600   4.817  -25.852  -28.248   1.376  -0.566     1.943  -0.357     2.435     -20.283      TiO4C8H20+8C3H8+4ClCH3->8C4H10+4OCH4+TiCl4
70   0.042638 -316.541    32.801   18   22.00  0.750  -56.659  -0.190  -55.980  -57.128   1.128  -1.610     2.450  -0.820    -0.489     -88.781         TiO4C8H20+2C5H12+4ClH->8C2H6+2O2C+TiCl4
117  0.042006 -316.742   -12.304   26   26.00  0.792  -48.830   7.746  -56.953  -59.281   1.361  -0.606     1.925  -0.352     0.377     -44.649          TiO4C8H20+8C2H6+4ClH->8C3H8+4OH2+TiCl4
101  0.036303 -317.479   -13.542   26   26.00  0.832  -47.261   7.832  -57.528  -60.059   1.396  -0.608     2.110  -0.367     2.435     -43.986         TiO4C8H20+8C3H8+4ClH->8C4H10+4OH2+TiCl4
122  0.035840 -315.537    20.392   26   26.00  0.705 -152.387  34.136 -186.900 -189.665   0.535  -0.164     2.784  -0.390     0.377    -207.292             TiO4C8H20+8H2+4ClH->8CH4+4OH2+TiCl4
96   0.032729 -315.540    -5.912   26   26.00  0.978  -19.128   4.894  -25.804  -27.948   1.426  -0.550     1.622  -0.354     1.782     -19.892     TiO4C8H20+8C4H10+4ClCH3->8C5H12+4OCH4+TiCl4
102  0.030101 -316.456    -4.346   26   26.00  1.032  -31.124  10.560  -45.524  -48.381   1.403  -0.475     2.282  -0.353     3.840     -41.178        TiO4C8H20+8C4H10+4ClH->8C5H12+4OH2+TiCl4
91   0.029159 -315.134     3.627   26   26.00  1.053   -2.462   7.545  -13.847  -16.570   1.384  -0.432     2.115  -0.344     3.840     -17.474     TiO4C8H20+8C4H10+4ClCH3->8C5H12+4OCH4+TiCl4
104  0.027117 -316.863   -13.884   26   26.00  0.956  -47.789   7.910  -57.481  -59.760   1.445  -0.592     1.789  -0.363     1.782     -43.597        TiO4C8H20+8C4H10+4ClH->8C5H12+4OH2+TiCl4
94   0.026500 -316.563   -15.108   26   26.00  0.942  -35.265   2.166  -37.808  -39.626   1.418  -0.683     1.450  -0.367     0.377     -22.700      TiO4C8H20+8C3H8+4ClCH3->8C4H10+4OCH4+TiCl4
215  0.024644 -317.528    41.989   46   20.67  0.702  -19.228  -7.337  -12.268  -14.787   2.350  -1.186     2.498  -1.143     0.377     -54.257         3TiO4C8H20+12ClH->16CH4+4OH2+8OC+3TiCl4
79   0.024086 -315.799   -39.213   20   22.00  0.709 -165.500  16.334 -182.211 -180.246  -1.560  -1.985     1.399   0.181     0.377    -142.998            TiO4C8H20+6OC+4ClH->3C3H8+5O2C+TiCl4
82   0.023737 -316.479    32.561   20   24.00  0.758  -56.595  -0.160  -56.040  -57.150   1.144  -1.606     2.393  -0.821    -0.395     -88.601         TiO4C8H20+3C4H10+4ClH->9C2H6+2O2C+TiCl4
74   0.018862 -316.747    40.112   18   22.00  0.760  -46.373   1.536  -48.286  -49.839   1.081  -1.521     2.800  -0.807     0.377     -88.398         TiO4C8H20+2C5H12+4ClH->8C2H6+2O2C+TiCl4
120  0.018546 -314.215    28.365   26   26.00  0.735 -123.725  31.121 -155.223 -157.853   0.516  -0.122     2.617  -0.381     0.377    -183.588          TiO4C8H20+8H2+4ClCH3->8CH4+4OCH4+TiCl4
93   0.018246 -314.995    24.884   22   26.00  0.850  -87.875  -4.784  -81.736  -82.088   0.547  -1.547     2.283  -0.931    -1.355    -106.620      TiO4C8H20+4C5H12+4ClCH3->10C3H8+2O2C+TiCl4
98   0.017741 -317.885   -23.081   26   26.00  0.919  -63.927   5.181  -69.485  -71.436   1.437  -0.726     1.617  -0.377     0.377     -46.404         TiO4C8H20+8C3H8+4ClH->8C4H10+4OH2+TiCl4
268  0.016243 -314.825   -43.576   98   21.20  0.733 -188.137  10.740 -200.077 -197.647  -1.916  -1.895     1.389  -0.008     1.200    -156.501   5TiO4C8H20+28OC+20ClCH3->16C4H10+24O2C+5TiCl4
277  0.016084 -317.454    30.044   90   26.00  0.734   44.431 -41.097   85.151   83.802   3.041  -1.808     1.749  -1.633     0.377      55.107     5TiO4C8H20+20ClCH3->32H2+8C5H12+20OC+5TiCl4
85   0.015906 -316.327    36.138   20   24.00  0.772  -50.345   0.834  -51.556  -52.884   1.129  -1.562     2.578  -0.817     0.377     -87.694         TiO4C8H20+3C4H10+4ClH->9C2H6+2O2C+TiCl4
108  0.013806 -315.217    31.947   22   26.00  0.726 -154.411   5.705 -160.493 -160.635   0.101  -1.412     2.446  -0.993     0.377    -192.440          TiO4C8H20+4H2+4ClCH3->10CH4+2O2C+TiCl4
118  0.011489 -316.024    33.861   20   26.00  0.725 -114.252 -12.843 -101.786 -100.888   0.366  -2.179     2.141  -1.226     0.377    -135.647          TiO4C8H20+2OH2+4ClCH3->9CH4+3O2C+TiCl4
105  0.009355 -314.310   -25.617   26   26.00  1.155  -43.606   0.640  -44.623  -45.730   1.571  -0.787     0.718  -0.395     0.377     -19.006     TiO4C8H20+8C4H10+4ClCH3->8C5H12+4OCH4+TiCl4
266  0.009306 -314.988   -47.392   98   21.20  0.749 -194.803   9.680 -204.860 -202.198  -1.899  -1.942     1.191  -0.012     0.377    -157.468   5TiO4C8H20+28OC+20ClCH3->16C4H10+24O2C+5TiCl4
279  0.009238 -317.619    35.893   90   26.00  0.728   52.660 -39.716   91.307   89.636   3.003  -1.738     2.029  -1.623     1.069      55.414     5TiO4C8H20+20ClCH3->32H2+8C5H12+20OC+5TiCl4
110  0.009133 -317.646    35.923   18   26.00  0.731   44.256 -38.899   82.778   81.176   2.964  -1.742     2.004  -1.624     0.377      46.855          TiO4C8H20+4ClCH3->6H2+2C4H10+4OC+TiCl4
127  0.008892 -320.053    12.631   26   30.00  0.742   51.445 -15.956   67.024   65.533   2.510  -2.128     1.762  -0.653     0.377      54.393          TiO4C8H20+10ClH->6H2+2O2C+TiCl4+6ClCH3
278  0.008248 -318.956    37.553   90   26.00  0.704   87.062 -38.917  125.602  123.461   3.631  -1.896     1.915  -1.509     0.377      88.049       5TiO4C8H20+20ClH->36H2+4C5H12+20OC+5TiCl4
112  0.007165 -317.545    38.307   18   26.00  0.724   48.423 -38.236   85.768   84.020   2.953  -1.712     2.128  -1.621     0.891      47.461          TiO4C8H20+4ClCH3->6H2+2C4H10+4OC+TiCl4
76   0.006859 -315.435   -44.972   22   22.00  0.928 -108.295  -1.776 -106.896 -107.368   1.039  -0.798     0.758  -0.527     0.377     -61.924       TiO4C8H20+6C3H8+4ClCH3->6C5H12+4OH2+TiCl4
280  0.005900 -319.038    40.477   90   26.00  0.703   91.177 -38.227  128.681  126.379   3.612  -1.861     2.055  -1.504     0.723      88.204       5TiO4C8H20+20ClH->36H2+4C5H12+20OC+5TiCl4
111  0.005890 -319.052    40.492   18   26.00  0.703   86.975 -37.818  124.416  122.147   3.593  -1.863     2.043  -1.504     0.377      83.924             TiO4C8H20+4ClH->7H2+C4H10+4OC+TiCl4
113  0.005109 -319.001    41.684   18   26.00  0.702   89.058 -37.487  125.911  123.571   3.587  -1.848     2.104  -1.503     0.634      84.227             TiO4C8H20+4ClH->7H2+C4H10+4OC+TiCl4
92   0.004809 -315.633   -33.589   26   26.00  1.136  -72.267   3.656  -76.300  -77.541   1.590  -0.829     0.885  -0.405     0.377     -42.711        TiO4C8H20+8C4H10+4ClH->8C5H12+4OH2+TiCl4
90   0.004478 -314.717   -35.155   26   26.00  1.087  -60.271  -2.010  -56.579  -57.107   1.613  -0.904     0.224  -0.405    -1.682     -21.424     TiO4C8H20+8C4H10+4ClCH3->8C5H12+4OCH4+TiCl4
242  0.004472 -317.216    42.216   54   26.00  0.726   41.186 -35.744   76.553   74.764   2.886  -1.665     2.185  -1.617     0.377      34.337      3TiO4C8H20+12ClCH3->16H2+8C3H8+12OC+3TiCl4
107  0.004196 -315.407    39.506   22   26.00  0.883  -67.303  -1.332  -66.348  -67.509   0.454  -1.370     2.982  -0.905     0.377    -105.854      TiO4C8H20+4C5H12+4ClCH3->10C3H8+2O2C+TiCl4
244  0.003991 -318.837    43.639   54   26.00  0.702   85.440 -36.241  121.304  118.942   3.554  -1.824     2.133  -1.501     0.377      77.665        3TiO4C8H20+12ClH->20H2+4C3H8+12OC+3TiCl4
115  0.002453 -318.693    47.238   18   26.00  0.703   78.595 -33.727  111.945  109.491   3.495  -1.777     2.237  -1.501     0.377      64.707             TiO4C8H20+4ClH->6H2+2C2H6+4OC+TiCl4
106  0.001845 -316.039   -43.128   26   26.00  1.067  -88.933   1.005  -88.256  -88.917   1.632  -0.947     0.391  -0.415    -1.682     -45.128        TiO4C8H20+8C4H10+4ClH->8C5H12+4OH2+TiCl4
114  0.001670 -316.928    49.416   18   26.00  0.729   27.496 -30.716   57.835   55.861   2.769  -1.571     2.393  -1.617     0.377       8.419           TiO4C8H20+4ClCH3->4H2+4C2H6+4OC+TiCl4
272  0.001566 -315.829   -53.847  106   24.40  0.709 -186.928  19.652 -207.574 -205.041  -2.093  -2.061     1.242   0.379     0.994    -153.727     5TiO4C8H20+36OC+20ClH->12C4H10+28O2C+5TiCl4
227  0.001249 -314.646   -56.698   62   23.33  0.744 -207.360  13.715 -222.606 -219.585  -2.373  -1.958     1.142   0.168     1.531    -165.908    3TiO4C8H20+20OC+12ClCH3->8C5H12+16O2C+3TiCl4
116  0.001082 -318.523    52.787   18   26.00  0.702   47.351 -28.073   75.047   72.651   3.258  -1.697     2.355  -1.520     0.377      22.260              TiO4C8H20+4ClH->4H2+4CH4+4OC+TiCl4
273  0.000953 -315.951   -56.708  106   24.40  0.719 -191.928  18.857 -211.162 -208.455  -2.081  -2.096     1.094   0.376     0.377    -154.454     5TiO4C8H20+36OC+20ClH->12C4H10+28O2C+5TiCl4
121  0.000278 -316.589    60.513   18   26.00  0.724  -34.991 -19.409  -15.959  -17.815   2.294  -1.411     2.629  -1.656     0.377     -76.472                TiO4C8H20+4ClCH3->8CH4+4OC+TiCl4
95   0.000222 -317.707    61.697   22   26.00  0.729  153.091  -2.506  155.220  148.236   4.977   0.238     2.703  -0.934     0.377      93.523            TiO4C8H20+4O2C+4ClH->6OCH4+6OC+TiCl4
228  0.000202 -314.372   -66.446   62   23.33  0.760 -221.075  11.414 -232.866 -229.306  -2.311  -2.076     0.676   0.151     0.377    -166.420    3TiO4C8H20+20OC+12ClCH3->8C5H12+16O2C+3TiCl4
103  0.000159 -315.694   -63.688   22   26.00  0.715 -201.346  21.883 -224.471 -221.495  -2.436  -2.108     1.057   0.511     1.242    -160.783           TiO4C8H20+8OC+4ClH->2C5H12+6O2C+TiCl4
131  0.000075 -320.458    45.061   26   34.00  0.719  129.694 -36.738  166.055  163.121   4.222  -1.984     2.081  -1.385     0.377     120.994            TiO4C8H20+8ClH->8H2+4OC+TiCl4+4ClCH3
97   0.000036 -315.489   -70.999   22   26.00  0.725 -211.631  20.157 -232.165 -228.784  -2.390  -2.197     0.708   0.498     0.377    -161.166           TiO4C8H20+8OC+4ClH->2C5H12+6O2C+TiCl4
123  0.000031 -317.880    68.175   20   28.00  0.710   -7.430 -15.381    8.007    5.496   2.815  -1.493     2.730  -1.541    -0.056     -60.168            TiO4C8H20+C5H12+4ClH->9CH4+4OC+TiCl4
252  0.000026 -317.886    67.591   62   28.67  0.709   -8.258 -15.522    7.231    4.763   2.819  -1.496     2.689  -1.544     0.033     -60.360      3TiO4C8H20+4C4H10+12ClH->28CH4+12OC+3TiCl4
255  0.000019 -317.818    69.181   62   28.67  0.712   -5.480 -15.080    9.223    6.659   2.812  -1.477     2.771  -1.542     0.377     -59.958      3TiO4C8H20+4C4H10+12ClH->28CH4+12OC+3TiCl4
128  0.000018 -318.053    66.510   22   30.00  0.711   -9.781 -15.822    5.664    3.218   2.814  -1.507     2.688  -1.549     0.377     -60.846           TiO4C8H20+2C3H8+4ClH->10CH4+4OC+TiCl4
124  0.000014 -317.983    71.830   20   28.00  0.712   -2.287 -14.518   11.854    9.142   2.791  -1.449     2.905  -1.535     0.377     -59.976            TiO4C8H20+C5H12+4ClH->9CH4+4OC+TiCl4




---------------------------------------------------------------------
10 reactions with the worst weights:
---------------------------------------------------------------------
       weight      dfH  drE_corr  dn  n+|dn|      u      drH    ddrH      drE  drE_CBS  drE_CV  drE_IT  drE_TPNO  drE_SR  ddrHconf  drE_HF_CBS                                      reaction
124  0.000014 -317.983    71.830  20   28.00  0.712   -2.287 -14.518   11.854    9.142   2.791  -1.449     2.905  -1.535     0.377     -59.976          TiO4C8H20+C5H12+4ClH->9CH4+4OC+TiCl4
128  0.000018 -318.053    66.510  22   30.00  0.711   -9.781 -15.822    5.664    3.218   2.814  -1.507     2.688  -1.549     0.377     -60.846         TiO4C8H20+2C3H8+4ClH->10CH4+4OC+TiCl4
255  0.000019 -317.818    69.181  62   28.67  0.712   -5.480 -15.080    9.223    6.659   2.812  -1.477     2.771  -1.542     0.377     -59.958    3TiO4C8H20+4C4H10+12ClH->28CH4+12OC+3TiCl4
252  0.000026 -317.886    67.591  62   28.67  0.709   -8.258 -15.522    7.231    4.763   2.819  -1.496     2.689  -1.544     0.033     -60.360    3TiO4C8H20+4C4H10+12ClH->28CH4+12OC+3TiCl4
123  0.000031 -317.880    68.175  20   28.00  0.710   -7.430 -15.381    8.007    5.496   2.815  -1.493     2.730  -1.541    -0.056     -60.168          TiO4C8H20+C5H12+4ClH->9CH4+4OC+TiCl4
97   0.000036 -315.489   -70.999  22   26.00  0.725 -211.631  20.157 -232.165 -228.784  -2.390  -2.197     0.708   0.498     0.377    -161.166         TiO4C8H20+8OC+4ClH->2C5H12+6O2C+TiCl4
131  0.000075 -320.458    45.061  26   34.00  0.719  129.694 -36.738  166.055  163.121   4.222  -1.984     2.081  -1.385     0.377     120.994          TiO4C8H20+8ClH->8H2+4OC+TiCl4+4ClCH3
103  0.000159 -315.694   -63.688  22   26.00  0.715 -201.346  21.883 -224.471 -221.495  -2.436  -2.108     1.057   0.511     1.242    -160.783         TiO4C8H20+8OC+4ClH->2C5H12+6O2C+TiCl4
228  0.000202 -314.372   -66.446  62   23.33  0.760 -221.075  11.414 -232.866 -229.306  -2.311  -2.076     0.676   0.151     0.377    -166.420  3TiO4C8H20+20OC+12ClCH3->8C5H12+16O2C+3TiCl4
95   0.000222 -317.707    61.697  22   26.00  0.729  153.091  -2.506  155.220  148.236   4.977   0.238     2.703  -0.934     0.377      93.523          TiO4C8H20+4O2C+4ClH->6OCH4+6OC+TiCl4




---------------------------------------------------------------------
10 reactions with the worst dHf:
---------------------------------------------------------------------
       weight      dfH  drE_corr  dn  n+|dn|      u      drH    ddrH      drE  drE_CBS  drE_CV  drE_IT  drE_TPNO  drE_SR  ddrHconf  drE_HF_CBS                                   reaction
131  0.000075 -320.458    45.061  26    34.0  0.719  129.694 -36.738  166.055  163.121   4.222  -1.984     2.081  -1.385     0.377     120.994       TiO4C8H20+8ClH->8H2+4OC+TiCl4+4ClCH3
127  0.008892 -320.053    12.631  26    30.0  0.742   51.445 -15.956   67.024   65.533   2.510  -2.128     1.762  -0.653     0.377      54.393     TiO4C8H20+10ClH->6H2+2O2C+TiCl4+6ClCH3
111  0.005890 -319.052    40.492  18    26.0  0.703   86.975 -37.818  124.416  122.147   3.593  -1.863     2.043  -1.504     0.377      83.924        TiO4C8H20+4ClH->7H2+C4H10+4OC+TiCl4
280  0.005900 -319.038    40.477  90    26.0  0.703   91.177 -38.227  128.681  126.379   3.612  -1.861     2.055  -1.504     0.723      88.204  5TiO4C8H20+20ClH->36H2+4C5H12+20OC+5TiCl4
113  0.005109 -319.001    41.684  18    26.0  0.702   89.058 -37.487  125.911  123.571   3.587  -1.848     2.104  -1.503     0.634      84.227        TiO4C8H20+4ClH->7H2+C4H10+4OC+TiCl4
278  0.008248 -318.956    37.553  90    26.0  0.704   87.062 -38.917  125.602  123.461   3.631  -1.896     1.915  -1.509     0.377      88.049  5TiO4C8H20+20ClH->36H2+4C5H12+20OC+5TiCl4
244  0.003991 -318.837    43.639  54    26.0  0.702   85.440 -36.241  121.304  118.942   3.554  -1.824     2.133  -1.501     0.377      77.665   3TiO4C8H20+12ClH->20H2+4C3H8+12OC+3TiCl4
115  0.002453 -318.693    47.238  18    26.0  0.703   78.595 -33.727  111.945  109.491   3.495  -1.777     2.237  -1.501     0.377      64.707        TiO4C8H20+4ClH->6H2+2C2H6+4OC+TiCl4
116  0.001082 -318.523    52.787  18    26.0  0.702   47.351 -28.073   75.047   72.651   3.258  -1.697     2.355  -1.520     0.377      22.260         TiO4C8H20+4ClH->4H2+4CH4+4OC+TiCl4
50   0.414855 -318.084    12.912  18    18.0  0.731   40.960  13.792   26.791   23.083   2.443  -0.695     2.069  -0.109     0.377      13.879         TiO4C8H20+8ClH->4OCH4+TiCl4+4ClCH3
