---------------------------------------------------------------------
Results for m1_00_TiOEt4-PBE0-D3-TZ_TiO2.all 

Average dfH = -313.66 

Uncertainty = 5.15
Computational contribution = 0.71
Experimental contribution = 5.1
---------------------------------------------------------------------
Number of reactions with all coeficients ≤  10 : 131  of  146
Parameters:
h1 = 7.65 
h2 = 28.97 

Summ of all weights = 51.67
---------------------------------------------------------------------
Average values and MSE of reaction characteristics:

                      Mean       St dev
          dfH      -313.66         0.36
     drE_corr       -17.62        11.99
    n+dn_priv        11.47         2.60
          drH        99.02        23.09
         ddrH        -5.17         6.88
          drE       103.68        27.46
      drE_CBS       108.91        27.24
       drE_IT        -2.26         0.25
       drE_CV        -0.65         0.41
       drE_SR        -3.46         0.22
   drE_HF_CBS       121.30        24.47
     ddrHconf         0.51         0.33
          u/2         2.55         0.00


---------------------------------------------------------------------
131 reactions with the best weights:
---------------------------------------------------------------------
       weight      dfH  drE_corr  dn  n+|dn|      u      drH    ddrH      drE  drE_CBS  drE_CV  drE_IT  drE_TPNO  drE_SR  ddrHconf  drE_HF_CBS                             reaction
5    1.000000 -313.660   -13.671   6   10.00  5.101  118.050  -5.403  123.076  127.853  -0.364  -2.132     1.190  -3.471     0.377     136.747        TiO4C8H20->2C3H8+OCH4+OC+TiO2
80   0.976529 -313.740    -4.253  14   12.00  5.101  118.874  -7.948  126.445  131.180  -0.229  -2.223     1.347  -3.630     0.377     130.698     2TiO4C8H20->6C2H6+OCH4+3OC+2TiO2
103  0.953184 -313.607   -10.681  20   11.33  5.101   95.366  -6.835  101.824  107.217  -0.698  -2.397     1.268  -3.566     0.377     112.505    3TiO4C8H20->10C2H6+2O2C+2OC+3TiO2
136  0.923732 -313.680   -14.536  44   10.57  5.101  105.594  -6.455  111.672  116.571  -0.439  -2.153     1.237  -3.544     0.377     126.208    7TiO4C8H20->16C3H8+6OH2+8OC+7TiO2
131  0.920427 -313.755    -4.028  36   12.40  5.101  113.116  -8.609  121.348  126.138  -0.255  -2.239     1.379  -3.675     0.377     125.376    5TiO4C8H20->16C2H6+2OH2+8OC+5TiO2
106  0.879059 -313.758   -18.612  22    9.00  5.101  117.932  -4.114  121.284  126.044  -0.424  -2.087     1.146  -3.395     0.762     139.896   4TiO4C8H20->6C4H10+5OCH4+3OC+4TiO2
137  0.841310 -313.502   -15.433  48   11.14  5.101   82.687  -5.569   87.879   93.704  -1.015  -2.511     1.188  -3.487     0.377     103.312   7TiO4C8H20+2OH2->24C2H6+8O2C+7TiO2
71   0.840292 -313.393   -15.905  14   11.00  5.101   78.066  -3.121   80.810   86.484  -1.044  -2.404     1.227  -3.453     0.377      96.715      2TiO4C8H20+H2->7C2H6+2O2C+2TiO2
10   0.827580 -313.501   -18.604   6   10.00  5.100   83.200  -5.006   87.829   93.572  -1.000  -2.439     1.150  -3.454     0.377     106.433       TiO4C8H20->2C2H6+C3H8+O2C+TiO2
62   0.824395 -313.547   -18.682  12   10.00  5.101   83.298  -5.001   87.794   93.525  -0.998  -2.440     1.161  -3.454     0.505     106.476   2TiO4C8H20->5C2H6+C4H10+2O2C+2TiO2
92   0.822927 -313.537   -18.722  18   10.00  5.101   83.309  -4.996   87.784   93.521  -0.995  -2.439     1.152  -3.455     0.521     106.506   3TiO4C8H20->8C2H6+C5H12+3O2C+3TiO2
108  0.808935 -313.834   -20.401  22    9.00  5.101  114.807  -4.611  119.041  123.910  -0.417  -2.109     1.053  -3.396     0.377     139.442   4TiO4C8H20->6C4H10+5OCH4+3OC+4TiO2
65   0.802476 -313.573   -19.278  12   10.00  5.101   82.257  -5.166   87.046   92.814  -0.996  -2.447     1.130  -3.455     0.377     106.324   2TiO4C8H20->5C2H6+C4H10+2O2C+2TiO2
130  0.783058 -313.501   -15.824  36   11.60  5.101   76.560  -5.945   82.128   88.049  -1.074  -2.537     1.204  -3.514     0.377      97.952  5TiO4C8H20+2OCH4->18C2H6+6O2C+5TiO2
9    0.778890 -313.567   -19.917   6   10.00  5.101   80.523  -5.478   85.624   91.453  -1.016  -2.455     1.101  -3.459     0.377     105.541        TiO4C8H20->CH4+2C3H8+O2C+TiO2
95   0.778040 -313.502   -19.940  18   10.00  5.101   81.594  -5.283   86.500   92.306  -0.988  -2.454     1.093  -3.457     0.377     106.440   3TiO4C8H20->8C2H6+C5H12+3O2C+3TiO2
116  0.776291 -313.724   -21.628  26    8.40  5.101  117.782  -3.329  120.215  125.004  -0.454  -2.058     1.071  -3.348     0.896     141.843   5TiO4C8H20->6C5H12+7OCH4+3OC+5TiO2
138  0.775786 -313.803   -20.649  52    9.56  5.101  101.763  -5.239  106.168  111.083  -0.534  -2.106     1.199  -3.474     0.834     126.817  9TiO4C8H20->16C4H10+10OH2+8OC+9TiO2
21   0.773535 -313.497   -14.597   8   12.00  5.103   88.017  -4.174   91.814   97.376  -1.039  -2.397     1.318  -3.444     0.377     106.411      TiO4C8H20+C5H12->4C3H8+O2C+TiO2
107  0.743049 -313.501   -22.080  22    9.00  5.101   91.500  -3.833   94.956  100.478  -0.908  -2.317     1.081  -3.378     0.377     117.036   4TiO4C8H20->9C3H8+3O2C+2OCH4+4TiO2
89   0.739171 -313.734   -20.999  18   10.00  5.100   79.000  -5.778   84.058   89.907  -1.020  -2.465     1.100  -3.464     0.720     105.057   3TiO4C8H20->5CH4+4C4H10+3O2C+3TiO2
23   0.726886 -312.850   -16.308  10   12.00  5.101   85.599  11.001   74.221   78.666  -0.896  -1.739     1.342  -3.152     0.377      90.529      TiO4C8H20+3H2->3C2H6+2OCH4+TiO2
11   0.717353 -313.740   -21.582   6   10.00  5.101   78.172  -5.919   83.282   89.174  -1.016  -2.468     1.059  -3.467     0.809     104.864       TiO4C8H20->2CH4+C5H12+O2C+TiO2
8    0.712707 -313.066   -21.708   8   10.00  5.101   95.866   7.230   88.259   92.843  -0.808  -1.810     1.187  -3.153     0.377     109.967      TiO4C8H20+2H2->2C3H8+2OCH4+TiO2
117  0.698872 -313.500   -23.044  28    9.20  5.101   83.918  -4.219   87.760   93.389  -0.980  -2.339     1.096  -3.406     0.377     110.804   5TiO4C8H20->12C3H8+4O2C+2OH2+5TiO2
17   0.698817 -313.435   -17.292   8   12.00  5.101   85.877  -4.534   90.034   95.693  -0.985  -2.424     1.198  -3.448     0.377     107.326        TiO4C8H20+CH4->4C2H6+O2C+TiO2
139  0.695265 -313.893   -22.768  52    9.56  5.101   98.060  -5.828  103.511  108.555  -0.524  -2.132     1.089  -3.477     0.377     126.279  9TiO4C8H20->16C4H10+10OH2+8OC+9TiO2
113  0.695240 -314.135    -0.108  24   14.00  5.100  109.516 -12.280  121.419  126.424  -0.140  -2.374     1.317  -3.808     0.377     121.527   3TiO4C8H20->10CH4+2C4H10+6OC+3TiO2
84   0.695120 -314.104     0.395  16   14.00  5.100  110.491 -12.130  122.028  127.006  -0.141  -2.366     1.338  -3.809     0.593     121.633     2TiO4C8H20->7CH4+C5H12+4OC+2TiO2
33   0.694932 -314.036    -0.234   8   14.00  5.101  129.965 -14.264  143.852  148.685  -0.007  -2.384     1.348  -3.790     0.377     144.086         TiO4C8H20->H2+3C2H6+2OC+TiO2
111  0.694859 -314.101     0.687  24   14.00  5.100  110.905 -12.059  122.416  127.373  -0.143  -2.364     1.358  -3.808     0.548     121.729   3TiO4C8H20->10CH4+2C4H10+6OC+3TiO2
94   0.694456 -313.646   -22.204  18   10.00  5.101   90.045  -7.520   97.188  103.024  -0.942  -2.486     1.046  -3.454     0.377     119.392     3TiO4C8H20->2H2+7C3H8+3O2C+3TiO2
30   0.694002 -314.018     1.228   8   14.00  5.100  111.667 -11.909  123.199  128.145  -0.141  -2.359     1.359  -3.805     0.377     121.971        TiO4C8H20->3CH4+C3H8+2OC+TiO2
85   0.693551 -314.053    -1.433  16   14.00  5.100  107.920 -12.561  120.104  125.184  -0.130  -2.388     1.250  -3.812     0.377     121.537     2TiO4C8H20->7CH4+C5H12+4OC+2TiO2
26   0.689927 -313.952     2.540   8   14.00  5.100  114.344 -11.437  125.404  130.266  -0.125  -2.344     1.407  -3.800     0.377     122.864       TiO4C8H20->2CH4+2C2H6+2OC+TiO2
88   0.680373 -313.801   -22.588  18   10.00  5.101   76.222  -6.220   82.065   88.011  -1.013  -2.485     1.018  -3.466     0.377     104.653   3TiO4C8H20->5CH4+4C4H10+3O2C+3TiO2
19   0.670458 -313.394   -18.252   8   12.00  5.103   82.874  -5.038   87.968   93.730  -1.015  -2.441     1.144  -3.450    -0.056     106.220      TiO4C8H20+C5H12->4C3H8+O2C+TiO2
34   0.669192 -314.253    -5.634   8   14.00  5.101  140.233 -18.035  157.891  162.861   0.081  -2.454     1.193  -3.790     0.377     163.525        TiO4C8H20->2H2+2C3H8+2OC+TiO2
55   0.644387 -313.313   -24.640  14    9.00  5.101  101.294   5.361   95.171   99.786  -0.758  -1.845     1.143  -3.155     0.762     119.811   2TiO4C8H20+3H2->3C4H10+4OCH4+2TiO2
86   0.637065 -314.499    -8.566  16   14.00  5.100  145.661 -19.904  164.803  169.806   0.131  -2.490     1.149  -3.793     0.762     173.369     2TiO4C8H20->5H2+3C4H10+4OC+2TiO2
87   0.611665 -314.576   -10.354  16   14.00  5.101  142.536 -20.401  162.560  167.671   0.139  -2.512     1.057  -3.795     0.377     172.914     2TiO4C8H20->5H2+3C4H10+4OC+2TiO2
133  0.611333 -314.555   -10.376  40   14.00  5.101  148.838 -21.014  168.956  174.015   0.169  -2.509     1.075  -3.794     0.896     179.332   5TiO4C8H20->14H2+6C5H12+10OC+5TiO2
115  0.605208 -313.600   -26.015  26    8.40  5.101  111.610  -4.364  115.597  120.628  -0.425  -2.111     0.861  -3.356     0.377     141.612   5TiO4C8H20->6C5H12+7OCH4+3OC+5TiO2
114  0.588940 -313.368   -26.451  32    8.40  5.101  104.472   4.251   99.325  103.997  -0.720  -1.864     1.069  -3.157     0.896     125.776  5TiO4C8H20+6H2->6C5H12+10OCH4+5TiO2
0    0.585075 -313.637   -25.237   6   10.00  5.101   73.029  -6.782   79.434   85.529  -0.993  -2.513     0.884  -3.473     0.377     104.671       TiO4C8H20->2CH4+C5H12+O2C+TiO2
56   0.577944 -313.389   -26.429  14    9.00  5.101   98.169   4.864   92.928   97.651  -0.750  -1.867     1.051  -3.157     0.377     119.357   2TiO4C8H20+3H2->3C4H10+4OCH4+2TiO2
128  0.573230 -313.638   -27.002  34    7.71  5.101  102.591  -2.283  103.941  109.155  -0.771  -2.158     1.001  -3.286     0.933     130.943  7TiO4C8H20->9C5H12+3O2C+8OCH4+7TiO2
109  0.571482 -313.933   -25.625  24   10.00  5.101   96.378  -9.701  105.252  111.125  -0.883  -2.528     0.995  -3.457     0.827     130.877    4TiO4C8H20->5H2+7C4H10+4O2C+4TiO2
134  0.536078 -314.431   -14.763  40   14.00  5.101  142.667 -22.050  164.340  169.641   0.197  -2.562     0.866  -3.802     0.377     179.103   5TiO4C8H20->14H2+6C5H12+10OC+5TiO2
27   0.513272 -313.215   -15.910  10   14.00  5.105   86.974  -4.365   90.962   96.612  -1.020  -2.410     1.227  -3.447     0.377     106.872     TiO4C8H20+2C4H10->5C3H8+O2C+TiO2
110  0.500552 -314.022   -27.711  24   10.00  5.101   92.732 -10.281  102.636  108.636  -0.874  -2.554     0.887  -3.459     0.377     130.347    4TiO4C8H20->5H2+7C4H10+4O2C+4TiO2
122  0.499693 -313.998   -27.737  30   10.00  5.101  100.085 -10.996  110.098  116.037  -0.839  -2.550     0.909  -3.459     0.983     137.835    5TiO4C8H20->8H2+7C5H12+5O2C+5TiO2
118  0.488634 -313.749     5.400  28   15.33  5.102  119.481 -10.514  129.907  134.612  -0.104  -2.314     1.500  -3.787     0.088     124.507  3TiO4C8H20+2C5H12->14C2H6+6OC+3TiO2
98   0.475875 -312.917   -26.406  28   11.33  5.101   59.408   8.986   50.045   54.848  -1.133  -1.751     1.296  -3.215     0.377      76.451     3TiO4C8H20+8H2->8C3H8+6OH2+3TiO2
120  0.470215 -313.817     7.837  28   15.33  5.102  122.909  -9.939  132.471  137.043  -0.120  -2.285     1.616  -3.783     0.377     124.634  3TiO4C8H20+2C5H12->14C2H6+6OC+3TiO2
28   0.465926 -313.317   -18.295  10   14.00  5.104   82.808  -5.028   87.974   93.769  -1.009  -2.439     1.103  -3.450    -0.138     106.269     TiO4C8H20+2C4H10->5C3H8+O2C+TiO2
38   0.459262 -313.658   -30.233  10    8.00  5.101   85.483  -2.991   87.448   92.878  -0.927  -2.187     1.024  -3.340     1.026     117.681    2TiO4C8H20->3C5H12+O2C+2OH2+2TiO2
29   0.447873 -312.628   -19.206  12   14.00  5.101   45.718  14.014   31.327   35.945  -1.250  -1.657     1.504  -3.215     0.377      50.533       TiO4C8H20+4H2->4C2H6+2OH2+TiO2
112  0.436438 -313.244   -30.837  32    8.40  5.102   98.300   3.215   94.708   99.622  -0.692  -1.918     0.860  -3.164     0.377     125.545  5TiO4C8H20+6H2->6C5H12+10OCH4+5TiO2
7    0.421828 -313.552   -30.192   8   10.00  5.101  122.148   0.654  120.603  125.246  -0.593  -1.921     1.018  -3.147     0.891     150.795    TiO4C8H20+2CH4->2C4H10+2OCH4+TiO2
52   0.420668 -313.561   -31.067  14    9.00  5.101  120.906   0.443  119.437  124.143  -0.587  -1.926     0.957  -3.150     1.026     150.504  2TiO4C8H20+3CH4->3C5H12+4OCH4+2TiO2
6    0.418105 -313.245   -30.315   8   10.00  5.101   66.645   6.494   59.260   64.105  -1.065  -1.799     1.238  -3.219     0.891      89.575      TiO4C8H20+2H2->2C4H10+2OH2+TiO2
68   0.412869 -313.342   -30.489  14   10.00  5.101   64.951  -2.263   66.837   73.107  -1.453  -2.503     0.972  -3.286     0.377      97.326     2TiO4C8H20+2OC->5C3H8+3O2C+2TiO2
129  0.412669 -313.505   -31.702  34    7.71  5.101   95.979  -3.393   98.995  104.469  -0.741  -2.215     0.776  -3.294     0.377     130.697  7TiO4C8H20->9C5H12+3O2C+8OCH4+7TiO2
40   0.407996 -313.728     5.320  10   16.00  5.102  119.502 -10.504  129.887  134.606  -0.099  -2.313     1.481  -3.788     0.119     124.567      TiO4C8H20+C4H10->5C2H6+2OC+TiO2
37   0.401193 -313.677     6.513  10   16.00  5.102  121.585 -10.173  131.381  136.027  -0.104  -2.298     1.542  -3.786     0.377     124.868      TiO4C8H20+C4H10->5C2H6+2OC+TiO2
20   0.377251 -313.302   -28.570  10   12.00  5.102  124.433   1.104  122.952  127.561  -0.586  -1.905     1.020  -3.138     0.377     151.522     TiO4C8H20+3CH4->3C3H8+2OCH4+TiO2
119  0.367260 -313.319   -32.729  36    9.20  5.101   70.882   5.014   64.799   69.719  -1.015  -1.824     1.140  -3.221     1.069      97.528   5TiO4C8H20+8H2->8C5H12+10OH2+5TiO2
14   0.352823 -313.653   -32.576   8   10.00  5.102  117.981  -0.009  117.613  122.400  -0.583  -1.950     0.895  -3.149     0.377     150.189    TiO4C8H20+2CH4->2C4H10+2OCH4+TiO2
4    0.349465 -313.347   -32.699   8   10.00  5.102   62.479   5.831   56.271   61.261  -1.055  -1.828     1.115  -3.222     0.377      88.970      TiO4C8H20+2H2->2C4H10+2OH2+TiO2
123  0.345234 -313.853   -32.855  30   10.00  5.102   92.885 -12.204  104.712  110.934  -0.806  -2.612     0.664  -3.468     0.377     137.567    5TiO4C8H20->8H2+7C5H12+5O2C+5TiO2
1    0.335539 -313.714   -33.212   8   10.00  5.103  117.054  -0.249  116.061  120.885  -0.603  -1.948     0.887  -3.160     1.242     149.273   TiO4C8H20+2C2H6->2C5H12+2OCH4+TiO2
39   0.298426 -313.504   -35.716  10    8.00  5.102   77.769  -4.285   81.677   87.410  -0.892  -2.254     0.762  -3.349     0.377     117.393    2TiO4C8H20->3C5H12+O2C+2OH2+2TiO2
16   0.273099 -313.775   -32.972  10   12.00  5.103  116.989  -0.279  116.120  120.905  -0.620  -1.951     0.945  -3.159     1.148     149.092   TiO4C8H20+3C2H6->3C4H10+2OCH4+TiO2
48   0.270386 -313.407   -36.550  14    9.00  5.102  113.192  -0.851  113.666  118.675  -0.552  -1.992     0.695  -3.160     0.377     150.216  2TiO4C8H20+3CH4->3C5H12+4OCH4+2TiO2
24   0.260276 -313.821   -33.564  10   12.00  5.106  117.380  -0.218  115.923  120.727  -0.588  -1.946     0.893  -3.163     1.675     149.487   TiO4C8H20+3C3H8->3C5H12+2OCH4+TiO2
121  0.223384 -313.155   -38.578  36    9.20  5.102   62.653   3.633   58.643   63.887  -0.978  -1.895     0.860  -3.231     0.377      97.221   5TiO4C8H20+8H2->8C5H12+10OH2+5TiO2
47   0.218889 -313.903    -4.280  12   18.00  5.100   63.549 -11.775   74.947   81.766  -1.195  -3.031     1.128  -3.721     0.377      79.227       TiO4C8H20+2OH2->6CH4+2O2C+TiO2
43   0.216463 -313.820     5.166  12   18.00  5.103  119.698 -10.493  129.814  134.507  -0.094  -2.313     1.504  -3.790     0.377     124.648      TiO4C8H20+2C3H8->6C2H6+2OC+TiO2
51   0.213725 -313.096    -6.194  14   18.00  5.100   23.390   6.773   16.240   22.018  -1.460  -2.264     1.434  -3.488     0.377      22.434         TiO4C8H20+4H2->7CH4+O2C+TiO2
58   0.208211 -313.514    -7.616  16   18.00  5.107  205.240   1.961  202.902  206.828   0.165  -1.985     0.858  -2.964     0.377     210.518           TiO4C8H20+6OH2->8OCH4+TiO2
53   0.207271 -312.595    -7.986  16   18.00  5.101   38.733  19.481   18.875   23.409  -1.252  -1.619     1.519  -3.182     0.377      26.861       TiO4C8H20+6H2->6CH4+2OCH4+TiO2
54   0.206944 -313.782     8.089  12   18.00  5.100   83.100  -5.784   88.507   93.428  -0.363  -2.264     1.525  -3.819     0.377      80.418         TiO4C8H20+2H2->6CH4+2OC+TiO2
3    0.206241 -313.577   -38.884   8   10.00  5.102   92.795  -0.063   91.616   96.583  -0.838  -1.906     0.990  -3.213     1.242     130.500     TiO4C8H20+2CH4->2C5H12+2OH2+TiO2
18   0.202927 -313.928   -36.549  10   12.00  5.105  110.740  -1.273  111.636  116.638  -0.604  -1.996     0.760  -3.162     0.377     148.185   TiO4C8H20+3C2H6->3C4H10+2OCH4+TiO2
105  0.200586 -313.564   -37.717  28   11.33  5.101   94.450   0.218   93.169   98.051  -0.846  -1.899     1.071  -3.208     1.063     130.886   3TiO4C8H20+8CH4->8C4H10+6OH2+3TiO2
127  0.180132 -314.280    13.488  32   18.00  5.100  116.390 -16.152  132.165  137.147   0.091  -2.519     1.454  -4.008     0.377     118.677     3TiO4C8H20+2OH2->16CH4+8OC+3TiO2
2    0.176486 -313.508   -40.523   8   10.00  5.104  106.768  -1.975  108.366  113.593  -0.556  -2.036     0.538  -3.173     0.377     148.889   TiO4C8H20+2C2H6->2C5H12+2OCH4+TiO2
32   0.154132 -313.231   -35.554  12   14.00  5.102   97.497   0.819   96.301  101.138  -0.837  -1.878     1.074  -3.196     0.377     131.855      TiO4C8H20+4CH4->4C3H8+2OH2+TiO2
101  0.148827 -313.700   -40.896  28   11.33  5.103   88.895  -0.666   89.184   94.258  -0.832  -1.938     0.907  -3.211     0.377     130.080   3TiO4C8H20+8CH4->8C4H10+6OH2+3TiO2
15   0.142628 -313.366   -42.684   8   10.00  5.101   47.094   0.503   45.700   52.443  -1.897  -2.566     0.841  -3.121     0.891      88.384      TiO4C8H20+2OC->2C4H10+2O2C+TiO2
96   0.136855 -313.780   -41.744  28   11.33  5.104   87.658  -0.986   87.113   92.235  -0.859  -1.935     0.897  -3.225     1.531     128.857  3TiO4C8H20+8C2H6->8C5H12+6OH2+3TiO2
13   0.111114 -313.468   -45.069   8   10.00  5.102   42.928  -0.160   42.711   49.599  -1.887  -2.595     0.718  -3.124     0.377      87.780      TiO4C8H20+2OC->2C4H10+2O2C+TiO2
57   0.108438 -313.104   -24.631  16   18.00  5.104  132.464   2.520  129.567  133.924  -0.540  -1.859     1.165  -3.123     0.377     154.198     TiO4C8H20+6CH4->6C2H6+2OCH4+TiO2
61   0.102066 -314.217     0.196  16   20.00  5.132  108.853  -0.761  107.179  111.805  -1.157  -2.227     2.178  -3.420     2.435     106.983    TiO4C8H20+5C5H12->8C4H10+O2C+TiO2
63   0.098312 -313.499     6.222  14   20.00  5.110  118.720 -10.587  130.229  134.980  -0.139  -2.318     1.486  -3.780    -0.922     124.007     TiO4C8H20+3C5H12->7C3H8+2OC+TiO2
12   0.098274 -313.371   -46.195   8   10.00  5.103   82.509  -1.789   83.921   89.291  -0.791  -1.994     0.640  -3.225     0.377     130.116     TiO4C8H20+2CH4->2C5H12+2OH2+TiO2
46   0.095483 -313.285   -26.539  16   18.00  5.132  129.681   1.799  124.908  129.372  -0.601  -1.852     1.143  -3.154     2.974     151.447  TiO4C8H20+6C4H10->6C5H12+2OCH4+TiO2
22   0.093729 -313.512   -44.531  10   12.00  5.109  101.951  -2.807  104.381  109.791  -0.518  -2.079     0.369  -3.182     0.377     148.912   TiO4C8H20+3C3H8->3C5H12+2OCH4+TiO2
60   0.091457 -314.623    -9.342  16   20.00  5.147   92.187  -3.412   95.222  100.428  -1.115  -2.345     1.684  -3.430     0.377     104.564    TiO4C8H20+5C5H12->8C4H10+O2C+TiO2
35   0.089910 -313.863   -41.424  12   14.00  5.104   87.573  -1.026   87.193   92.265  -0.881  -1.940     0.973  -3.224     1.406     128.617    TiO4C8H20+4C2H6->4C4H10+2OH2+TiO2
25   0.082910 -313.923   -42.214  12   14.00  5.110   88.093  -0.944   86.929   92.025  -0.839  -1.933     0.905  -3.229     2.108     129.143    TiO4C8H20+4C3H8->4C5H12+2OH2+TiO2
59   0.075825 -314.376    16.126  12   20.00  5.100  105.284 -18.416  123.323  128.437   0.082  -2.586     1.528  -4.138     0.377     107.197        TiO4C8H20+OCH4->6CH4+3OC+TiO2
64   0.072295 -313.808    17.189  14   20.00  5.114  134.149  -7.998  141.770  145.915  -0.209  -2.185     2.010  -3.761     0.377     124.581     TiO4C8H20+3C5H12->7C3H8+2OC+TiO2
66   0.069392 -313.702   -18.081  16   20.00  5.123   83.138  -5.076   87.944   93.581  -1.040  -2.449     1.304  -3.452     0.270     106.025    TiO4C8H20+5C5H12->8C4H10+O2C+TiO2
44   0.063340 -313.499   -32.508  16   18.00  5.108  116.401  -0.312  116.336  121.198  -0.633  -1.951     0.875  -3.153     0.377     148.844    TiO4C8H20+6C2H6->6C3H8+2OCH4+TiO2
50   0.058795 -314.051   -33.436  16   18.00  5.112  117.577  -0.247  115.904  120.613  -0.607  -1.952     1.014  -3.164     1.920     149.340   TiO4C8H20+6C3H8->6C4H10+2OCH4+TiO2
42   0.057330 -313.590   -33.693  16   18.00  5.124  117.182  -0.189  115.940  120.838  -0.570  -1.940     0.773  -3.161     1.431     149.633  TiO4C8H20+6C4H10->6C5H12+2OCH4+TiO2
93   0.057181 -313.254   -50.885  26   10.00  5.101   35.080   2.362   31.620   38.732  -2.183  -2.605     0.687  -3.011     1.098      82.505    3TiO4C8H20+8OC->5C5H12+7O2C+3TiO2
67   0.056941 -314.468    22.372  12   20.00  5.100  142.810 -18.340  160.773  164.836   0.734  -2.263     1.617  -4.151     0.377     138.401         TiO4C8H20+O2C->5CH4+4OC+TiO2
31   0.054573 -314.066   -46.193  12   14.00  5.108   79.240  -2.352   81.215   86.576  -0.860  -1.999     0.727  -3.229     0.377     127.408    TiO4C8H20+4C2H6->4C4H10+2OH2+TiO2
104  0.046320 -313.506   -51.492  28   11.33  5.106   73.944  -3.287   76.854   82.515  -0.797  -2.053     0.431  -3.242     0.377     128.346  3TiO4C8H20+8C2H6->8C5H12+6OH2+3TiO2
69   0.041045 -314.109   -27.620  16   20.00  5.138   66.473  -7.727   75.988   82.203  -0.998  -2.566     0.811  -3.462    -1.788     103.608    TiO4C8H20+5C5H12->8C4H10+O2C+TiO2
75   0.038490 -312.289    -8.109  20   22.00  5.101  -16.769  25.321  -42.467  -37.732  -1.724  -1.497     1.740  -3.254     0.377     -34.358        TiO4C8H20+8H2->8CH4+2OH2+TiO2
41   0.031191 -314.356   -40.590  16   18.00  5.120  105.078  -2.235  106.936  112.079  -0.575  -2.040     0.644  -3.172     0.377     147.526   TiO4C8H20+6C3H8->6C4H10+2OCH4+TiO2
90   0.026132 -313.083   -56.977  26   10.00  5.102   26.508   0.924   25.207   32.656  -2.144  -2.679     0.396  -3.022     0.377      82.184    3TiO4C8H20+8OC->5C5H12+7O2C+3TiO2
36   0.014742 -313.511   -56.836  12   14.00  5.115   67.521  -4.396   71.540   77.445  -0.746  -2.110     0.206  -3.255     0.377     128.376    TiO4C8H20+4C3H8->4C5H12+2OH2+TiO2
77   0.013915 -312.967   -30.303  20   22.00  5.106  108.205   2.707  105.121  109.621  -0.775  -1.817     1.268  -3.176     0.377     135.424      TiO4C8H20+8CH4->8C2H6+2OH2+TiO2
49   0.013393 -312.667   -48.471  16   18.00  5.144   98.823  -3.379  101.825  107.502  -0.461  -2.118     0.095  -3.193     0.377     150.296  TiO4C8H20+6C4H10->6C5H12+2OCH4+TiO2
73   0.011271 -313.208   -32.846  20   22.00  5.156  104.494   1.745   98.909  103.552  -0.856  -1.808     1.238  -3.217     3.840     131.755   TiO4C8H20+8C4H10->8C5H12+2OH2+TiO2
78   0.005702 -313.495   -40.805  20   22.00  5.113   86.789  -1.069   87.481   92.654  -0.899  -1.939     0.881  -3.216     0.377     128.286     TiO4C8H20+8C2H6->8C3H8+2OH2+TiO2
45   0.005534 -312.972   -55.625  16   18.00  5.136   86.324  -5.367   92.858   98.969  -0.430  -2.206    -0.275  -3.200    -1.167     148.483  TiO4C8H20+6C4H10->6C5H12+2OCH4+TiO2
70   0.005032 -314.231   -42.043  20   22.00  5.120   88.357  -0.983   86.905   91.875  -0.864  -1.941     1.066  -3.231     2.435     128.948    TiO4C8H20+8C3H8->8C4H10+2OH2+TiO2
76   0.004822 -313.615   -42.385  20   22.00  5.141   87.829  -0.905   86.952   92.175  -0.815  -1.925     0.744  -3.227     1.782     129.337   TiO4C8H20+8C4H10->8C5H12+2OH2+TiO2
81   0.004442 -314.098    -2.612  18   26.00  5.103   -7.296 -18.643   10.970   19.236  -1.875  -3.554     1.263  -4.100     0.377      13.582      TiO4C8H20+4OCH4->9CH4+3O2C+TiO2
83   0.004258 -313.268     6.094  20   26.00  5.119  118.522 -10.558  130.247  135.094  -0.121  -2.312     1.365  -3.779    -1.167     124.153    TiO4C8H20+6C4H10->10C3H8+2OC+TiO2
82   0.003598 -312.963    13.248  20   26.00  5.128  131.021  -8.570  139.214  143.626  -0.152  -2.224     1.735  -3.771     0.377     125.966    TiO4C8H20+6C4H10->10C3H8+2OC+TiO2
72   0.001727 -314.637   -51.581  20   22.00  5.135   71.691  -3.634   74.948   80.498  -0.822  -2.059     0.572  -3.241     0.377     126.529    TiO4C8H20+8C3H8->8C4H10+2OH2+TiO2
74   0.000409 -312.385   -62.090  20   22.00  5.178   63.351  -5.159   68.133   74.393  -0.669  -2.162    -0.160  -3.269     0.377     130.223   TiO4C8H20+8C4H10->8C5H12+2OH2+TiO2
79   0.000090 -312.791   -71.628  20   22.00  5.163   46.685  -7.810   56.177   63.017  -0.628  -2.280    -0.653  -3.279    -1.682     127.805   TiO4C8H20+8C4H10->8C5H12+2OH2+TiO2
91   0.000009 -314.932    53.603  22   30.00  5.103  330.444 -17.962  348.029  346.841   3.995  -0.650     2.058  -4.215     0.377     294.426       TiO4C8H20+6O2C->5OCH4+9OC+TiO2




---------------------------------------------------------------------
10 reactions with the worst weights:
---------------------------------------------------------------------
      weight      dfH  drE_corr  dn  n+|dn|      u      drH    ddrH      drE  drE_CBS  drE_CV  drE_IT  drE_TPNO  drE_SR  ddrHconf  drE_HF_CBS                             reaction
91  0.000009 -314.932    53.603  22    30.0  5.103  330.444 -17.962  348.029  346.841   3.995  -0.650     2.058  -4.215     0.377     294.426       TiO4C8H20+6O2C->5OCH4+9OC+TiO2
79  0.000090 -312.791   -71.628  20    22.0  5.163   46.685  -7.810   56.177   63.017  -0.628  -2.280    -0.653  -3.279    -1.682     127.805   TiO4C8H20+8C4H10->8C5H12+2OH2+TiO2
74  0.000409 -312.385   -62.090  20    22.0  5.178   63.351  -5.159   68.133   74.393  -0.669  -2.162    -0.160  -3.269     0.377     130.223   TiO4C8H20+8C4H10->8C5H12+2OH2+TiO2
72  0.001727 -314.637   -51.581  20    22.0  5.135   71.691  -3.634   74.948   80.498  -0.822  -2.059     0.572  -3.241     0.377     126.529    TiO4C8H20+8C3H8->8C4H10+2OH2+TiO2
82  0.003598 -312.963    13.248  20    26.0  5.128  131.021  -8.570  139.214  143.626  -0.152  -2.224     1.735  -3.771     0.377     125.966    TiO4C8H20+6C4H10->10C3H8+2OC+TiO2
83  0.004258 -313.268     6.094  20    26.0  5.119  118.522 -10.558  130.247  135.094  -0.121  -2.312     1.365  -3.779    -1.167     124.153    TiO4C8H20+6C4H10->10C3H8+2OC+TiO2
81  0.004442 -314.098    -2.612  18    26.0  5.103   -7.296 -18.643   10.970   19.236  -1.875  -3.554     1.263  -4.100     0.377      13.582      TiO4C8H20+4OCH4->9CH4+3O2C+TiO2
76  0.004822 -313.615   -42.385  20    22.0  5.141   87.829  -0.905   86.952   92.175  -0.815  -1.925     0.744  -3.227     1.782     129.337   TiO4C8H20+8C4H10->8C5H12+2OH2+TiO2
70  0.005032 -314.231   -42.043  20    22.0  5.120   88.357  -0.983   86.905   91.875  -0.864  -1.941     1.066  -3.231     2.435     128.948    TiO4C8H20+8C3H8->8C4H10+2OH2+TiO2
45  0.005534 -312.972   -55.625  16    18.0  5.136   86.324  -5.367   92.858   98.969  -0.430  -2.206    -0.275  -3.200    -1.167     148.483  TiO4C8H20+6C4H10->6C5H12+2OCH4+TiO2




---------------------------------------------------------------------
10 reactions with the worst dHf:
---------------------------------------------------------------------
       weight      dfH  drE_corr  dn  n+|dn|      u      drH    ddrH      drE  drE_CBS  drE_CV  drE_IT  drE_TPNO  drE_SR  ddrHconf  drE_HF_CBS                            reaction
91   0.000009 -314.932    53.603  22    30.0  5.103  330.444 -17.962  348.029  346.841   3.995  -0.650     2.058  -4.215     0.377     294.426      TiO4C8H20+6O2C->5OCH4+9OC+TiO2
72   0.001727 -314.637   -51.581  20    22.0  5.135   71.691  -3.634   74.948   80.498  -0.822  -2.059     0.572  -3.241     0.377     126.529   TiO4C8H20+8C3H8->8C4H10+2OH2+TiO2
60   0.091457 -314.623    -9.342  16    20.0  5.147   92.187  -3.412   95.222  100.428  -1.115  -2.345     1.684  -3.430     0.377     104.564   TiO4C8H20+5C5H12->8C4H10+O2C+TiO2
87   0.611665 -314.576   -10.354  16    14.0  5.101  142.536 -20.401  162.560  167.671   0.139  -2.512     1.057  -3.795     0.377     172.914    2TiO4C8H20->5H2+3C4H10+4OC+2TiO2
133  0.611333 -314.555   -10.376  40    14.0  5.101  148.838 -21.014  168.956  174.015   0.169  -2.509     1.075  -3.794     0.896     179.332  5TiO4C8H20->14H2+6C5H12+10OC+5TiO2
86   0.637065 -314.499    -8.566  16    14.0  5.100  145.661 -19.904  164.803  169.806   0.131  -2.490     1.149  -3.793     0.762     173.369    2TiO4C8H20->5H2+3C4H10+4OC+2TiO2
67   0.056941 -314.468    22.372  12    20.0  5.100  142.810 -18.340  160.773  164.836   0.734  -2.263     1.617  -4.151     0.377     138.401        TiO4C8H20+O2C->5CH4+4OC+TiO2
134  0.536078 -314.431   -14.763  40    14.0  5.101  142.667 -22.050  164.340  169.641   0.197  -2.562     0.866  -3.802     0.377     179.103  5TiO4C8H20->14H2+6C5H12+10OC+5TiO2
59   0.075825 -314.376    16.126  12    20.0  5.100  105.284 -18.416  123.323  128.437   0.082  -2.586     1.528  -4.138     0.377     107.197       TiO4C8H20+OCH4->6CH4+3OC+TiO2
41   0.031191 -314.356   -40.590  16    18.0  5.120  105.078  -2.235  106.936  112.079  -0.575  -2.040     0.644  -3.172     0.377     147.526  TiO4C8H20+6C3H8->6C4H10+2OCH4+TiO2
