---------------------------------------------------------------------
Results for m1_00_TiOiPr4-PBE0-D3-TZ_TiCl4.all 

Average dfH = -354.59 

Uncertainty = 1.75
Computational contribution = 1.58
Experimental contribution = 0.74
---------------------------------------------------------------------
Number of reactions with all coeficients ≤  10 : 195  of  301
Parameters:
h1 = 8.75 
h2 = 35.89 

Summ of all weights = 66.71
---------------------------------------------------------------------
Average values and MSE of reaction characteristics:

                      Mean       St dev
          dfH      -354.59         0.79
     drE_corr        13.32        15.20
    n+dn_priv        16.68         2.57
          drH       -31.03        43.32
         ddrH         6.16         9.35
          drE       -37.09        44.50
      drE_CBS       -38.82        43.84
       drE_IT        -0.82         0.50
       drE_CV         1.18         0.68
       drE_SR        -0.64         0.27
   drE_HF_CBS       -50.41        41.36
     ddrHconf        -0.09         0.60
          u/2         0.37         0.02


---------------------------------------------------------------------
195 reactions with the best weights:
---------------------------------------------------------------------
           weight      dfH  drE_corr   dn  n+|dn|      u      drH    ddrH      drE  drE_CBS  drE_CV  drE_IT  drE_TPNO  drE_SR  ddrHconf  drE_HF_CBS                                          reaction
196  1.000000e+00 -355.107     4.766   46   13.00  0.729  -44.069   4.472  -48.026  -49.455   1.302  -0.965     1.763  -0.671    -0.515     -52.792       4TiO4C12H28+16ClH->9C5H12+3O2C+10OH2+4TiCl4
243  9.304585e-01 -354.583     0.474   74   14.80  0.734  -66.742  16.350  -82.577  -84.739   1.173  -0.427     1.910  -0.494    -0.515     -83.051      5TiO4C12H28+12H2+20ClH->12C5H12+20OH2+5TiCl4
197  9.229569e-01 -355.338    12.991   46   13.00  0.717  -32.497   6.414  -39.371  -41.255   1.249  -0.865     2.156  -0.656     0.460     -52.362       4TiO4C12H28+16ClH->9C5H12+3O2C+10OH2+4TiCl4
7    9.165521e-01 -354.979     8.337   14   14.00  0.736   24.407  10.092   14.830   12.135   1.931  -0.571     1.689  -0.354    -0.515       6.493          TiO4C12H28+2CH4+4ClH->2C5H12+4OCH4+TiCl4
240  9.050543e-01 -354.830     9.247   74   14.80  0.720  -54.399  18.421  -73.345  -75.993   1.117  -0.320     2.329  -0.478     0.525     -82.592      5TiO4C12H28+12H2+20ClH->12C5H12+20OH2+5TiCl4
264  8.948764e-01 -353.782     6.717   82   13.43  0.760  -42.722   0.118  -42.325  -43.232   1.056  -0.980     1.575  -0.744    -0.515     -49.042   7TiO4C12H28+28ClCH3->18C5H12+6O2C+16OCH4+7TiCl4
1    8.849357e-01 -353.780    -1.311   12   14.00  0.769  -79.142  -1.667  -76.960  -77.352   0.754  -1.056     1.548  -0.854    -0.515     -75.649          TiO4C12H28+4ClCH3->3C5H12+O2C+2OH2+TiCl4
256  8.787553e-01 -355.110    14.802   78   12.29  0.723    1.457   6.703   -4.731   -6.805   1.679  -0.869     1.797  -0.533    -0.515     -19.533     7TiO4C12H28+28ClH->12C5H12+4O2C+20OCH4+7TiCl4
2    8.711953e-01 -354.088     9.655   12   14.00  0.748  -63.714   0.923  -65.421  -66.419   0.684  -0.923     2.072  -0.835     0.784     -75.076          TiO4C12H28+4ClCH3->3C5H12+O2C+2OH2+TiCl4
15   8.510498e-01 -355.216     0.014   16   16.00  0.731  -21.530  10.806  -33.120  -35.698   1.383  -0.443     2.104  -0.466     0.784     -33.134           TiO4C12H28+3CH4+4ClH->3C5H12+4OH2+TiCl4
226  8.363377e-01 -354.762    15.955   66   13.20  0.727    4.551  15.514  -10.448  -13.269   1.744  -0.472     1.909  -0.360    -0.515     -26.403       5TiO4C12H28+8H2+20ClH->8C5H12+20OCH4+5TiCl4
187  8.356802e-01 -355.113     3.040   46   15.33  0.757   15.841   8.594    7.762    5.358   1.925  -0.630     1.480  -0.371    -0.515       4.722     3TiO4C12H28+8C2H6+12ClH->8C5H12+12OCH4+3TiCl4
5    8.221024e-01 -355.184    15.648   14   14.00  0.726   34.692  11.818   22.523   19.425   1.884  -0.483     2.038  -0.341     0.351       6.875          TiO4C12H28+2CH4+4ClH->2C5H12+4OCH4+TiCl4
245  8.148320e-01 -353.260     8.446   74   14.80  0.763  -38.080  13.334  -50.899  -52.928   1.154  -0.384     1.743  -0.484    -0.515     -59.345   5TiO4C12H28+12H2+20ClCH3->12C5H12+20OCH4+5TiCl4
13   8.046755e-01 -354.871     9.291   16   16.00  0.727  -67.004  19.647  -86.136  -88.679   1.057  -0.327     2.292  -0.479    -0.515     -95.427            TiO4C12H28+3H2+4ClH->3C4H10+4OH2+TiCl4
265  7.904735e-01 -354.047    16.117   82   13.43  0.744  -29.498   2.337  -32.434  -33.861   0.996  -0.866     2.025  -0.728     0.599     -48.551   7TiO4C12H28+28ClCH3->18C5H12+6O2C+16OCH4+7TiCl4
16   7.888771e-01 -354.719    12.868   16   16.00  0.712  -60.754  20.641  -81.652  -84.413   1.042  -0.282     2.477  -0.476     0.257     -94.520            TiO4C12H28+3H2+4ClH->3C4H10+4OH2+TiCl4
189  7.758099e-01 -355.388    12.788   46   15.33  0.740   29.556  10.895   18.021   15.078   1.863  -0.512     1.946  -0.354     0.640       5.233     3TiO4C12H28+8C2H6+12ClH->8C5H12+12OCH4+3TiCl4
186  7.749485e-01 -355.307    13.636   46   15.33  0.734   30.793  11.215   20.093   17.102   1.890  -0.515     1.956  -0.340    -0.515       6.457      3TiO4C12H28+8CH4+12ClH->8C4H10+12OCH4+3TiCl4
250  7.590505e-01 -353.410     4.663   82   16.40  0.752  -92.916  16.932 -110.719 -112.736   0.508  -0.197     2.303  -0.597     0.871    -115.382    5TiO4C12H28+16H2+20ClCH3->16C5H12+20OH2+5TiCl4
258  7.525741e-01 -355.287    21.068   78   12.29  0.716   10.273   8.183    1.862   -0.559   1.639  -0.793     2.097  -0.522     0.228     -19.206     7TiO4C12H28+28ClH->12C5H12+4O2C+20OCH4+7TiCl4
9    7.493033e-01 -353.894     7.987   16   16.00  0.760    7.132   7.791   -1.443   -3.887   1.364  -0.401     1.937  -0.456     0.784      -9.430        TiO4C12H28+3CH4+4ClCH3->3C5H12+4OCH4+TiCl4
188  7.429457e-01 -355.172    16.815   46   15.33  0.722   36.348  12.099   24.077   20.893   1.876  -0.476     2.120  -0.336     0.172       7.262      3TiO4C12H28+8CH4+12ClH->8C4H10+12OCH4+3TiCl4
11   7.404506e-01 -353.585    -2.979   16   16.00  0.781   -8.297   5.201  -12.983  -14.821   1.434  -0.533     1.413  -0.476    -0.515     -10.004        TiO4C12H28+3CH4+4ClCH3->3C5H12+4OCH4+TiCl4
12   7.326880e-01 -354.907   -10.952   16   16.00  0.752  -36.959   8.217  -44.661  -46.633   1.453  -0.576     1.580  -0.485    -0.515     -33.709           TiO4C12H28+3CH4+4ClH->3C5H12+4OH2+TiCl4
229  7.163796e-01 -354.927    21.803   66   13.20  0.721   12.780  16.895   -4.293   -7.437   1.707  -0.401     2.188  -0.350     0.178     -26.096       5TiO4C12H28+8H2+20ClH->8C5H12+20OCH4+5TiCl4
242  7.099678e-01 -353.507    17.220   74   14.80  0.749  -25.737  15.406  -41.668  -44.181   1.098  -0.278     2.162  -0.469     0.525     -58.888   5TiO4C12H28+12H2+20ClCH3->12C5H12+20OCH4+5TiCl4
227  6.983653e-01 -355.237    22.384   58   13.20  0.723   22.298   5.408   17.405   14.739   2.100  -0.730     1.911  -0.615    -0.515      -4.979       5TiO4C12H28+20ClH->8C5H12+16OCH4+4OC+5TiCl4
252  6.976437e-01 -353.081    -7.034   82   16.40  0.776 -109.374  14.170 -123.029 -124.399   0.583  -0.339     1.744  -0.618    -0.515    -115.995    5TiO4C12H28+16H2+20ClCH3->16C5H12+20OH2+5TiCl4
6    6.905152e-01 -354.955    21.833   14   14.00  0.724    4.377  17.712  -12.820  -15.895   1.667  -0.405     2.164  -0.351    -0.515     -34.653           TiO4C12H28+2H2+4ClH->2C4H10+4OCH4+TiCl4
30   6.803865e-01 -355.197     1.765   18   18.00  0.722  -19.047  11.228  -30.790  -33.497   1.371  -0.433     2.227  -0.458     0.515     -32.555           TiO4C12H28+4CH4+4ClH->4C4H10+4OH2+TiCl4
238  6.786446e-01 -353.973    18.091   62   14.80  0.757  -11.460  -1.824   -9.121  -10.917   1.688  -0.771     1.746  -0.867    -0.515     -27.212    5TiO4C12H28+20ClCH3->12C5H12+14OCH4+6OC+5TiCl4
47   6.762511e-01 -354.468    -6.006   18   18.00  0.715 -110.712  12.397 -122.594 -121.621  -0.723  -1.746     1.770  -0.274    -0.515    -116.588             TiO4C12H28+4OC+4ClH->4C3H8+4O2C+TiCl4
4    6.447517e-01 -354.853    24.217   14   14.00  0.718    8.543  18.375   -9.832  -13.052   1.657  -0.376     2.287  -0.348     0.000     -34.049           TiO4C12H28+2H2+4ClH->2C4H10+4OCH4+TiCl4
241  6.377779e-01 -355.100    23.774   62   14.80  0.712  -34.846   4.572  -38.903  -40.487   1.170  -1.093     2.263  -0.756    -0.515     -62.677        5TiO4C12H28+20ClH->18C3H8+6O2C+8OH2+5TiCl4
33   6.310082e-01 -355.400    -3.004   18   18.00  0.748  -27.380   9.902  -36.767  -39.184   1.392  -0.492     1.980  -0.463    -0.515     -33.763           TiO4C12H28+4CH4+4ClH->4C4H10+4OH2+TiCl4
14   6.296859e-01 -353.549    17.264   16   16.00  0.757  -38.342  16.632  -54.459  -56.868   1.038  -0.284     2.125  -0.470    -0.515     -71.723         TiO4C12H28+3H2+4ClCH3->3C4H10+4OCH4+TiCl4
41   6.091230e-01 -355.980    11.920   14   18.00  0.723   -6.280 -15.324    9.559    9.352   1.516  -1.861     1.518  -0.966    -0.515      -2.361            TiO4C12H28+4ClH->4H2+2C5H12+2O2C+TiCl4
48   6.068335e-01 -353.455     9.142   16   18.00  0.741 -104.778   2.379 -106.642 -105.961  -0.368  -1.554     1.968  -0.727    -0.515    -115.784           TiO4C12H28+2OC+4ClCH3->5C3H8+3O2C+TiCl4
50   6.054110e-01 -353.262     9.491   18   18.00  0.740 -101.390  19.892 -121.797 -123.965   0.408  -0.147     2.501  -0.594     0.515    -131.288          TiO4C12H28+4H2+4ClCH3->4C4H10+4OH2+TiCl4
17   6.036797e-01 -355.521    -4.276   18   18.00  0.762  -29.235   9.422  -39.874  -42.219   1.351  -0.487     1.965  -0.484     1.217     -35.598          TiO4C12H28+4C2H6+4ClH->4C5H12+4OH2+TiCl4
261  6.015505e-01 -354.478     4.411   70   18.00  0.763  -48.911 -17.504  -30.892  -30.304   0.925  -1.774     1.352  -1.091    -0.515     -35.303    5TiO4C12H28+20ClCH3->16H2+14C5H12+10O2C+5TiCl4
51   5.970913e-01 -353.466     4.722   18   18.00  0.765 -109.722  18.567 -127.774 -129.652   0.429  -0.206     2.254  -0.599    -0.515    -132.496          TiO4C12H28+4H2+4ClCH3->4C4H10+4OH2+TiCl4
10   5.896025e-01 -353.397    20.841   16   16.00  0.742  -32.092  17.626  -49.975  -52.602   1.023  -0.240     2.310  -0.466     0.257     -70.816         TiO4C12H28+3H2+4ClCH3->3C4H10+4OCH4+TiCl4
182  5.891795e-01 -355.690    24.188   38   15.33  0.721  -13.632   2.159  -15.276  -17.740   1.854  -0.782     2.254  -0.862    -0.515     -39.464         3TiO4C12H28+12ClH->8C4H10+8OH2+4OC+3TiCl4
31   5.840950e-01 -353.875     9.737   18   18.00  0.752    9.615   8.212    0.888   -1.684   1.352  -0.391     2.060  -0.449     0.515      -8.849        TiO4C12H28+4CH4+4ClCH3->4C4H10+4OCH4+TiCl4
36   5.777208e-01 -354.078     4.968   18   18.00  0.777    1.282   6.887   -5.090   -7.372   1.373  -0.450     1.813  -0.454    -0.515     -10.058        TiO4C12H28+4CH4+4ClCH3->4C4H10+4OCH4+TiCl4
0    5.731004e-01 -355.104    27.631   12   14.00  0.711   -4.515   6.117  -10.117  -12.127   1.456  -1.005     2.204  -0.645    -0.515     -37.748            TiO4C12H28+4ClH->3C3H8+O2C+2OCH4+TiCl4
19   5.725947e-01 -355.674     8.339   18   18.00  0.767   21.138   9.529   12.124    9.420   1.862  -0.576     1.775  -0.357    -0.515       3.785         TiO4C12H28+4C2H6+4ClH->4C4H10+4OCH4+TiCl4
39   5.715556e-01 -353.925    -7.647   18   18.00  0.771  -49.091   6.779  -57.087  -59.011   0.863  -0.361     2.003  -0.581     1.217     -49.440         TiO4C12H28+4CH4+4ClCH3->4C5H12+4OH2+TiCl4
21   5.651326e-01 -355.470    13.108   18   18.00  0.742   29.470  10.855   18.100   15.106   1.841  -0.517     2.022  -0.352     0.515       4.992         TiO4C12H28+4C2H6+4ClH->4C4H10+4OCH4+TiCl4
225  5.643085e-01 -355.402    28.233   58   13.20  0.717   30.527   6.789   23.560   20.570   2.063  -0.659     2.191  -0.605     0.178      -4.673       5TiO4C12H28+20ClH->8C5H12+16OCH4+4OC+5TiCl4
18   5.636617e-01 -354.199     3.697   18   18.00  0.790   -0.573   6.406   -8.196  -10.406   1.332  -0.445     1.798  -0.475     1.217     -11.893       TiO4C12H28+4C2H6+4ClCH3->4C5H12+4OCH4+TiCl4
260  5.423080e-01 -354.767    14.647   70   18.00  0.745  -34.511 -15.087  -20.122  -20.100   0.860  -1.650     1.841  -1.073     0.698     -34.769    5TiO4C12H28+20ClCH3->16H2+14C5H12+10O2C+5TiCl4
55   5.420616e-01 -353.504   -15.247   18   18.00  0.740 -140.492   7.909 -148.916 -147.286  -1.257  -1.681     1.706  -0.398     0.515    -133.669          TiO4C12H28+4OC+4ClCH3->4C4H10+4O2C+TiCl4
45   5.356871e-01 -355.119    -2.303   18   18.00  0.813    9.419   7.485    2.449    0.289   1.976  -0.687     1.255  -0.384    -0.515       4.752         TiO4C12H28+4C3H8+4ClH->4C5H12+4OCH4+TiCl4
183  5.349971e-01 -355.555    27.367   38   15.33  0.710   -8.077   3.043  -11.292  -13.949   1.840  -0.743     2.418  -0.858     0.172     -38.659         3TiO4C12H28+12ClH->8C4H10+8OH2+4OC+3TiCl4
43   5.296397e-01 -354.226    18.732   18   18.00  0.715  -71.610  24.380  -95.475  -98.299   0.941  -0.211     2.564  -0.470    -0.515    -114.207             TiO4C12H28+4H2+4ClH->4C3H8+4OH2+TiCl4
150  5.288243e-01 -354.815    14.698   28   18.00  0.754  -49.216 -13.657  -35.044  -34.902   0.791  -1.657     1.798  -1.074    -0.515     -49.742        2TiO4C12H28+8ClCH3->5H2+7C4H10+4O2C+2TiCl4
52   5.234649e-01 -355.530    12.318   18   18.00  0.777   29.990  10.937   17.836   14.867   1.883  -0.510     1.954  -0.358     1.217       5.518         TiO4C12H28+4C3H8+4ClH->4C5H12+4OCH4+TiCl4
56   5.233872e-01 -356.186    19.230   14   18.00  0.714    4.006 -13.598   17.253   16.642   1.469  -1.773     1.868  -0.953     0.351      -1.977            TiO4C12H28+4ClH->4H2+2C5H12+2O2C+TiCl4
233  5.172917e-01 -354.220    26.864   62   14.80  0.744    0.883   0.247    0.111   -2.170   1.631  -0.665     2.166  -0.851     0.525     -26.753    5TiO4C12H28+20ClCH3->12C5H12+14OCH4+6OC+5TiCl4
151  5.155628e-01 -356.221    19.267   28   18.00  0.719   -6.498 -12.576    6.593    6.070   1.419  -1.778     1.837  -0.955    -0.515     -12.674          2TiO4C12H28+8ClH->7H2+5C4H10+4O2C+2TiCl4
253  5.105687e-01 -353.771    24.032   66   16.40  0.739  -66.845  -1.533  -64.797  -65.394   0.578  -1.228     2.215  -0.968    -0.515     -88.829      5TiO4C12H28+20ClCH3->24C3H8+8O2C+4OH2+5TiCl4
29   5.072273e-01 -354.839    18.978   18   18.00  0.728   39.395  12.700   27.210   23.982   1.885  -0.455     2.123  -0.325    -0.515       8.232           TiO4C12H28+4CH4+4ClH->4C3H8+4OCH4+TiCl4
3    5.071204e-01 -355.548    29.870   12   14.00  0.719   26.560   5.080   21.995   19.112   2.112  -0.727     2.167  -0.669    -0.515      -7.875            TiO4C12H28+4ClH->2C4H10+3OCH4+OC+TiCl4
178  5.048851e-01 -354.525    28.127   46   15.33  0.719    1.306  20.867  -19.046  -22.309   1.590  -0.328     2.345  -0.344    -0.515     -47.173        3TiO4C12H28+8H2+12ClH->8C3H8+12OCH4+3TiCl4
149  4.991785e-01 -354.637    18.871   28   18.00  0.735  -41.925 -12.497  -29.814  -29.925   0.772  -1.605     2.014  -1.070     0.386     -48.685        2TiO4C12H28+8ClCH3->5H2+7C4H10+4O2C+2TiCl4
118  4.948705e-01 -353.773    25.960   26   16.00  0.738  -51.680  -0.761  -50.404  -51.215   0.721  -1.184     2.186  -0.912    -0.515     -76.364       2TiO4C12H28+8ClCH3->9C3H8+3O2C+2OCH4+2TiCl4
152  4.830070e-01 -356.094    22.248   28   18.00  0.708   -1.290 -11.748   10.329    9.624   1.406  -1.741     1.991  -0.951     0.129     -11.919          2TiO4C12H28+8ClH->7H2+5C4H10+4O2C+2TiCl4
34   4.772984e-01 -354.046    19.646   14   18.00  0.743  -88.622  -6.660  -81.447  -81.114   0.552  -1.575     1.792  -1.102    -0.515    -101.093         TiO4C12H28+4ClCH3->4CH4+2C5H12+2O2C+TiCl4
22   4.761419e-01 -353.787   -10.925   18   18.00  0.825  -21.145   2.954  -23.584  -24.986   1.426  -0.622     1.099  -0.501    -0.515     -12.659       TiO4C12H28+4C2H6+4ClCH3->4C5H12+4OCH4+TiCl4
8    4.609565e-01 -355.447    32.255   12   14.00  0.712   30.727   5.742   24.985   21.959   2.101  -0.698     2.290  -0.667     0.000      -7.270            TiO4C12H28+4ClH->2C4H10+3OCH4+OC+TiCl4
54   4.451411e-01 -353.707   -20.016   18   18.00  0.765 -148.825   6.584 -154.894 -152.975  -1.236  -1.740     1.460  -0.403    -0.515    -134.878          TiO4C12H28+4OC+4ClCH3->4C4H10+4O2C+TiCl4
289  4.409214e-01 -354.558    24.584  122   17.11  0.755  -38.561  -4.751  -33.295  -35.065   1.490  -0.813     2.202  -1.109    -0.515     -57.879    9TiO4C12H28+36ClCH3->32C4H10+20OH2+16OC+9TiCl4
42   4.231370e-01 -355.109   -18.898   18   18.00  0.798  -49.807   5.969  -55.261  -56.798   1.445  -0.664     1.266  -0.510    -0.515     -36.363          TiO4C12H28+4C2H6+4ClH->4C5H12+4OH2+TiCl4
117  4.148457e-01 -354.439    29.319   26   16.00  0.750   -5.067  -2.317   -2.235   -4.354   1.705  -0.768     2.130  -0.948    -0.515     -31.554       2TiO4C12H28+8ClCH3->6C4H10+5OCH4+3OC+2TiCl4
201  4.143903e-01 -354.893    25.687   46   18.00  0.717  -62.048   5.081  -66.614  -67.041   0.485  -1.578     2.242  -0.722    -0.515     -92.301         3TiO4C12H28+4OC+12ClH->16C2H6+8O2C+3TiCl4
204  4.005587e-01 -354.374    24.944   42   18.00  0.740  -82.236  -5.536  -76.185  -76.149   0.512  -1.519     2.059  -1.088    -0.515    -101.129     3TiO4C12H28+12ClCH3->10CH4+8C4H10+6O2C+3TiCl4
199  3.982419e-01 -355.683    27.135   42   18.00  0.710  -10.336  -8.633   -1.188   -1.944   1.322  -1.682     2.063  -0.947    -0.515     -28.323         3TiO4C12H28+12ClH->8H2+10C3H8+6O2C+3TiCl4
200  3.907527e-01 -354.063    25.712   42   18.00  0.738  -54.590  -8.136  -45.939  -46.124   0.655  -1.522     2.115  -1.063    -0.515     -71.651       3TiO4C12H28+12ClCH3->4H2+14C3H8+6O2C+3TiCl4
290  3.902491e-01 -354.377    28.824  122   17.11  0.735  -31.154  -3.573  -27.981  -30.008   1.471  -0.761     2.421  -1.104     0.400     -56.805    9TiO4C12H28+36ClCH3->32C4H10+20OH2+16OC+9TiCl4
38   3.764450e-01 -354.252    26.957   14   18.00  0.733  -78.336  -4.933  -73.754  -73.826   0.506  -1.486     2.141  -1.089     0.351    -100.711         TiO4C12H28+4ClCH3->4CH4+2C5H12+2O2C+TiCl4
216  3.715981e-01 -353.900    -5.313   62   20.67  0.757  -45.780   7.340  -53.978  -56.072   0.847  -0.348     2.166  -0.571     0.858     -48.665   3TiO4C12H28+16CH4+12ClCH3->16C4H10+12OH2+3TiCl4
32   3.714991e-01 -353.513   -22.269   18   18.00  0.807  -69.663   3.326  -72.474  -73.590   0.956  -0.538     1.304  -0.606    -0.515     -50.205         TiO4C12H28+4CH4+4ClCH3->4C5H12+4OH2+TiCl4
49   3.682762e-01 -352.904    26.704   18   18.00  0.745  -42.948  21.364  -63.797  -66.486   0.922  -0.169     2.397  -0.461    -0.515     -90.501          TiO4C12H28+4H2+4ClCH3->4C3H8+4OCH4+TiCl4
116  3.634235e-01 -354.287    32.896   26   16.00  0.735    1.183  -1.323    2.249   -0.088   1.690  -0.723     2.315  -0.945     0.257     -30.647       2TiO4C12H28+8ClCH3->6C4H10+5OCH4+3OC+2TiCl4
198  3.620639e-01 -354.239    28.124   42   18.00  0.729  -76.681  -4.653  -72.200  -72.357   0.498  -1.480     2.223  -1.084     0.172    -100.324     3TiO4C12H28+12ClCH3->10CH4+8C4H10+6O2C+3TiCl4
35   3.369956e-01 -355.440    30.963   14   18.00  0.708  -55.918  -1.769  -53.634  -54.157   1.049  -1.613     2.068  -0.981    -0.515     -84.597            TiO4C12H28+4ClH->5CH4+C5H12+2O2C+TiCl4
26   3.237850e-01 -353.906    30.287   14   18.00  0.734  -73.634  -4.052  -69.067  -69.268   0.507  -1.459     2.226  -1.073    -0.515     -99.354          TiO4C12H28+4ClCH3->2CH4+4C3H8+2O2C+TiCl4
205  3.209926e-01 -353.776    30.240   42   18.00  0.738  -71.492  -3.663  -67.314  -67.561   0.563  -1.457     2.210  -1.069    -0.515     -97.554    3TiO4C12H28+12ClCH3->16C2H6+2C5H12+6O2C+3TiCl4
255  3.136179e-01 -355.105    35.973   66   16.40  0.714  -24.436   3.301  -27.222  -28.702   1.235  -1.298     2.369  -0.826    -0.515     -63.195       5TiO4C12H28+20ClH->24C2H6+8O2C+4OCH4+5TiCl4
214  3.116198e-01 -352.605    17.310   62   20.67  0.744 -115.864  24.876 -140.225 -142.476   0.273  -0.052     2.616  -0.586    -0.515    -157.535     3TiO4C12H28+16H2+12ClCH3->16C3H8+12OH2+3TiCl4
278  3.091864e-01 -355.104    35.191   94   16.86  0.716  -36.691   2.548  -38.724  -40.014   1.118  -1.351     2.401  -0.878    -0.515     -73.915       7TiO4C12H28+28ClH->36C2H6+12O2C+4OH2+7TiCl4
218  3.059672e-01 -354.171   -11.672   62   20.67  0.800  -56.891   5.573  -61.949  -63.659   0.875  -0.426     1.838  -0.577    -0.515     -50.277   3TiO4C12H28+16CH4+12ClCH3->16C4H10+12OH2+3TiCl4
20   3.028626e-01 -353.917    31.565   14   18.00  0.736  -70.167  -3.429  -66.223  -66.545   0.547  -1.443     2.284  -1.066    -0.515     -97.788         TiO4C12H28+4ClCH3->5C2H6+C4H10+2O2C+TiCl4
203  2.959281e-01 -355.604    33.612   42   18.00  0.707  -52.725  -1.207  -51.003  -51.675   1.029  -1.585     2.201  -0.973    -0.515     -84.615       3TiO4C12H28+12ClH->14CH4+4C4H10+6O2C+3TiCl4
185  2.949602e-01 -355.316    38.843   38   15.33  0.712   30.884   4.024   27.375   24.371   2.182  -0.758     2.349  -0.769    -0.515     -11.468         3TiO4C12H28+12ClH->8C3H8+8OCH4+4OC+3TiCl4
277  2.909278e-01 -355.371    36.536   94   16.86  0.711   -2.331   1.219   -3.035   -5.714   1.981  -0.814     2.475  -0.963    -0.515     -39.571       7TiO4C12H28+28ClH->24C3H8+16OH2+12OC+7TiCl4
60   2.883778e-01 -354.697     5.009   22   22.00  0.735  -14.477  12.128  -26.090  -28.863   1.385  -0.402     2.231  -0.441    -0.515     -31.099            TiO4C12H28+6CH4+4ClH->6C3H8+4OH2+TiCl4
27   2.862207e-01 -353.774    32.912   14   18.00  0.732  -68.280  -3.108  -64.657  -65.027   0.538  -1.428     2.323  -1.063    -0.515     -97.569         TiO4C12H28+4ClCH3->4C2H6+2C3H8+2O2C+TiCl4
40   2.861408e-01 -353.866    32.757   14   18.00  0.735  -68.084  -3.097  -64.730  -65.126   0.542  -1.428     2.346  -1.064    -0.257     -97.487         TiO4C12H28+4ClCH3->5C2H6+C4H10+2O2C+TiCl4
202  2.857487e-01 -353.845    32.677   42   18.00  0.737  -68.063  -3.087  -64.750  -65.133   0.548  -1.427     2.327  -1.065    -0.226     -97.427    3TiO4C12H28+12ClCH3->16C2H6+2C5H12+6O2C+3TiCl4
37   2.821681e-01 -355.543    34.618   14   18.00  0.705  -50.775  -0.906  -49.787  -50.514   1.026  -1.568     2.243  -0.974    -0.082     -84.405            TiO4C12H28+4ClH->5CH4+C5H12+2O2C+TiCl4
217  2.797357e-01 -354.332   -13.367   62   20.67  0.823  -59.364   4.932  -66.091  -67.704   0.820  -0.420     1.818  -0.605     1.795     -52.724  3TiO4C12H28+16C2H6+12ClCH3->16C5H12+12OH2+3TiCl4
206  2.741544e-01 -355.536    35.202   42   18.00  0.704  -49.948  -0.765  -49.011  -49.779   1.022  -1.565     2.283  -0.972    -0.172     -84.213       3TiO4C12H28+12ClH->14CH4+4C4H10+6O2C+3TiCl4
66   2.677207e-01 -355.645    -3.795   22   22.00  0.766  -29.363   9.361  -39.753  -42.174   1.318  -0.495     2.080  -0.482     1.029     -35.958          TiO4C12H28+6C2H6+4ClH->6C4H10+4OH2+TiCl4
44   2.588916e-01 -354.236    35.326   18   18.00  0.722  -12.384  25.895  -37.764  -41.211   1.473  -0.234     2.552  -0.344    -0.515     -73.090            TiO4C12H28+4H2+4ClH->4C2H6+4OCH4+TiCl4
28   2.574613e-01 -355.370    36.283   14   18.00  0.705  -48.424  -0.465  -47.444  -48.235   1.027  -1.555     2.285  -0.966    -0.515     -83.727            TiO4C12H28+4ClH->4CH4+2C3H8+2O2C+TiCl4
53   2.524153e-01 -355.322    36.134   14   18.00  0.715  -27.449  -2.348  -24.586  -25.575   1.176  -1.564     2.323  -0.946    -0.515     -60.720              TiO4C12H28+4ClH->H2+5C2H6+2O2C+TiCl4
76   2.485833e-01 -354.323     4.177   22   22.00  0.794   -0.701   6.346   -8.076  -10.363   1.299  -0.452     1.913  -0.473     1.029     -12.253       TiO4C12H28+6C2H6+4ClCH3->6C4H10+4OCH4+TiCl4
65   2.381540e-01 -353.375    12.982   22   22.00  0.765   14.185   9.113    5.587    2.948   1.366  -0.359     2.064  -0.432    -0.515      -7.395         TiO4C12H28+6CH4+4ClCH3->6C3H8+4OCH4+TiCl4
23   2.301040e-01 -354.440    37.223   14   18.00  0.726  -52.998  -0.843  -51.640  -52.388   0.813  -1.461     2.400  -1.004    -0.515     -88.863          TiO4C12H28+2ClH+2ClCH3->6C2H6+2O2C+TiCl4
273  2.283448e-01 -354.507   -25.517   98   21.20  0.714 -139.283  16.821 -156.413 -154.680  -1.434  -1.848     1.560  -0.011     0.309    -130.896      5TiO4C12H28+28OC+20ClH->16C4H10+24O2C+5TiCl4
71   2.199075e-01 -354.627    -2.977   22   22.00  0.847  -13.201   4.357  -17.043  -18.896   1.330  -0.540     1.543  -0.480    -0.515     -14.066       TiO4C12H28+6C2H6+4ClCH3->6C4H10+4OCH4+TiCl4
63   2.197910e-01 -355.735    -4.980   22   22.00  0.842  -28.583   9.484  -40.150  -42.534   1.381  -0.484     1.977  -0.490     2.083     -35.170          TiO4C12H28+6C3H8+4ClH->6C5H12+4OH2+TiCl4
25   2.177891e-01 -355.238    38.908   14   18.00  0.710  -43.070   0.479  -43.034  -43.994   1.058  -1.524     2.382  -0.956    -0.515     -81.942            TiO4C12H28+4ClH->2CH4+4C2H6+2O2C+TiCl4
68   2.152553e-01 -355.950   -10.949   22   22.00  0.820  -41.862   7.373  -48.720  -50.706   1.349  -0.583     1.710  -0.490    -0.515     -37.771          TiO4C12H28+6C2H6+4ClH->6C4H10+4OH2+TiCl4
73   2.098643e-01 -354.413     2.992   22   22.00  0.867    0.079   6.469   -8.473  -10.722   1.362  -0.442     1.810  -0.481     2.083     -11.465       TiO4C12H28+6C3H8+4ClCH3->6C5H12+4OCH4+TiCl4
274  1.851796e-01 -354.670   -29.333   98   21.20  0.731 -145.949  15.761 -161.195 -159.231  -1.417  -1.895     1.363  -0.015    -0.515    -131.862      5TiO4C12H28+28OC+20ClH->16C4H10+24O2C+5TiCl4
212  1.750123e-01 -353.280   -31.649   58   20.67  0.756 -164.521  11.629 -177.079 -174.712  -1.828  -1.760     1.398  -0.177     0.929    -145.430    3TiO4C12H28+16OC+12ClCH3->10C5H12+14O2C+3TiCl4
46   1.585622e-01 -354.091    42.779   14   18.00  0.736    1.419  -3.901    5.835    3.532   1.811  -0.813     2.403  -1.098    -0.515     -36.944          TiO4C12H28+4ClCH3->4C3H8+2OCH4+2OC+TiCl4
69   1.548580e-01 -353.793    29.531   22   22.00  0.722  -92.145  31.921 -123.551 -126.653   0.766  -0.070     2.875  -0.469    -0.515    -153.082             TiO4C12H28+6H2+4ClH->6C2H6+4OH2+TiCl4
284  1.463107e-01 -354.132    41.049  102   19.14  0.738  -23.493  -6.005  -16.973  -19.032   1.660  -0.855     2.497  -1.243    -0.515     -58.022     7TiO4C12H28+28ClCH3->32C3H8+12OH2+16OC+7TiCl4
57   1.436023e-01 -353.557    38.312   16   20.00  0.747  -78.548   0.663  -78.696  -79.204   0.450  -1.358     2.478  -1.062    -0.515    -117.008            TiO4C12H28+H2+4ClCH3->7C2H6+2O2C+TiCl4
210  1.386784e-01 -355.034    41.769   46   19.33  0.728  -37.934   1.402  -38.533  -39.647   1.079  -1.495     2.474  -0.944    -0.803     -80.302      3TiO4C12H28+2C5H12+12ClH->20C2H6+6O2C+3TiCl4
64   1.366617e-01 -353.795   -18.941   22   22.00  0.938  -30.779   1.290  -31.554  -32.590   1.502  -0.708     0.762  -0.520    -0.515     -12.613       TiO4C12H28+6C3H8+4ClCH3->6C5H12+4OCH4+TiCl4
287  1.282957e-01 -353.776    39.255  110   20.29  0.746  -69.306  -4.233  -64.558  -64.765   0.509  -1.571     2.399  -1.130    -0.515    -103.813     7TiO4C12H28+4OH2+28ClCH3->48C2H6+16O2C+7TiCl4
58   1.219220e-01 -355.014    41.689   16   20.00  0.730  -37.912   1.412  -38.552  -39.654   1.084  -1.493     2.455  -0.944    -0.772     -80.241           TiO4C12H28+C4H10+4ClH->7C2H6+2O2C+TiCl4
219  1.212715e-01 -353.783   -32.863   62   20.67  0.881  -86.793   0.329  -86.607  -87.142   0.945  -0.656     0.886  -0.640    -0.515     -53.744  3TiO4C12H28+16C2H6+12ClCH3->16C5H12+12OH2+3TiCl4
207  1.175398e-01 -355.103    44.206   46   19.33  0.729  -34.505   1.977  -35.967  -37.217   1.063  -1.465     2.591  -0.939    -0.515     -80.173      3TiO4C12H28+2C5H12+12ClH->20C2H6+6O2C+3TiCl4
59   1.121302e-01 -354.963    42.881   16   20.00  0.732  -35.829   1.743  -37.057  -38.231   1.079  -1.479     2.517  -0.943    -0.515     -79.938           TiO4C12H28+C4H10+4ClH->7C2H6+2O2C+TiCl4
272  1.090289e-01 -353.774    38.473   82   21.20  0.749  -81.561  -4.986  -76.060  -76.076   0.391  -1.624     2.432  -1.183    -0.515    -114.533    5TiO4C12H28+4OCH4+20ClCH3->36C2H6+12O2C+5TiCl4
70   1.083753e-01 -355.117   -26.913   22   22.00  0.914  -59.441   4.306  -63.232  -64.403   1.521  -0.750     0.929  -0.529    -0.515     -36.319          TiO4C12H28+6C3H8+4ClH->6C5H12+4OH2+TiCl4
67   1.066784e-01 -353.560    33.617   18   22.00  0.787  -68.932  -3.171  -64.380  -64.712   0.508  -1.431     2.311  -1.056    -1.381     -97.997        TiO4C12H28+2C5H12+4ClCH3->8C3H8+2O2C+TiCl4
75   1.042852e-01 -353.642    35.537   18   22.00  0.756  -62.926  -2.164  -60.247  -60.785   0.569  -1.398     2.419  -1.052    -0.515     -95.784          TiO4C12H28+2CH4+4ClCH3->8C2H6+2O2C+TiCl4
62   9.452639e-02 -352.471    37.504   22   22.00  0.751  -63.483  28.906  -91.874  -94.840   0.746  -0.028     2.708  -0.460    -0.515    -129.378          TiO4C12H28+6H2+4ClCH3->6C2H6+4OCH4+TiCl4
24   8.995729e-02 -355.423    51.401   14   18.00  0.713   31.983   0.630   31.868   28.808   2.362  -0.879     2.558  -0.981    -0.515     -19.533            TiO4C12H28+4ClH->4C2H6+2OCH4+2OC+TiCl4
215  8.030637e-02 -352.937   -43.834   58   20.67  0.781 -181.664   8.752 -189.901 -186.861  -1.750  -1.907     0.816  -0.199    -0.515    -146.067    3TiO4C12H28+16OC+12ClCH3->10C5H12+14O2C+3TiCl4
110  7.696323e-02 -353.233    -0.987   26   26.00  0.779  -39.687   8.541  -47.713  -49.896   0.865  -0.306     2.172  -0.548    -0.515     -46.726          TiO4C12H28+8CH4+4ClCH3->8C3H8+4OH2+TiCl4
61   7.582621e-02 -355.106    41.534   18   22.00  0.741  -37.716   1.423  -38.624  -39.751   1.089  -1.494     2.478  -0.946    -0.515     -80.158           TiO4C12H28+2C3H8+4ClH->8C2H6+2O2C+TiCl4
72   6.831298e-02 -353.766    40.927   18   22.00  0.796  -58.646  -1.445  -56.686  -57.421   0.461  -1.343     2.660  -1.043    -0.515     -97.613        TiO4C12H28+2C5H12+4ClCH3->8C3H8+2O2C+TiCl4
232  6.608129e-02 -354.328   -38.639   62   23.33  0.725 -158.506  19.797 -178.943 -176.621  -1.891  -1.910     1.313   0.166     0.640    -140.304       3TiO4C12H28+20OC+12ClH->8C5H12+16O2C+3TiCl4
267  6.357379e-02 -355.483    52.298   74   19.60  0.714    8.952  -2.012   11.479    8.634   2.257  -0.942     2.689  -1.159    -0.515     -40.819        5TiO4C12H28+20ClH->24C2H6+8OH2+12OC+5TiCl4
83   6.262298e-02 -355.102    13.727   26   26.00  0.803   28.686  10.812   18.389   15.497   1.823  -0.516     1.930  -0.345    -0.515       4.662          TiO4C12H28+8C2H6+4ClH->8C3H8+4OCH4+TiCl4
213  6.194562e-02 -353.986    48.759   46   20.67  0.745  -43.948  -6.766  -36.667  -37.737   1.142  -1.344     2.559  -1.287    -0.515     -85.426       3TiO4C12H28+12ClCH3->20C2H6+4O2C+4OC+3TiCl4
88   5.983104e-02 -354.497   -12.727   26   26.00  0.830  -59.535   4.852  -65.931  -67.644   0.776  -0.430     1.970  -0.603     1.544     -53.204        TiO4C12H28+8C2H6+4ClCH3->8C4H10+4OH2+TiCl4
92   5.840813e-02 -355.838    12.490   26   26.00  0.842   30.254  10.898   17.812   14.718   1.858  -0.518     2.114  -0.360     1.544       5.322         TiO4C12H28+8C3H8+4ClH->8C4H10+4OCH4+TiCl4
95   5.390821e-02 -356.245     2.951   26   26.00  0.928   13.589   8.247    5.857    3.342   1.900  -0.636     1.621  -0.370    -0.515       2.906         TiO4C12H28+8C3H8+4ClH->8C4H10+4OCH4+TiCl4
108  5.226348e-02 -354.575    24.229   26   26.00  0.753   50.103  14.588   36.030   32.466   1.947  -0.394     2.316  -0.305    -0.515      11.801           TiO4C12H28+8CH4+4ClH->8C2H6+4OCH4+TiCl4
87   4.585212e-02 -352.442    24.290   22   26.00  0.803  -98.844  -7.639  -90.690  -90.302  -0.013  -1.363     2.167  -1.179    -0.515    -114.980          TiO4C12H28+8ClCH3->6C3H8+2O2C+TiCl4+4ClH
82   4.476015e-02 -355.223    12.147   26   26.00  0.965   29.727  10.976   17.860   15.017   1.908  -0.502     1.793  -0.356     0.891       5.713        TiO4C12H28+8C4H10+4ClH->8C5H12+4OCH4+TiCl4
93   4.408821e-02 -354.617   -14.307   26   26.00  0.951  -58.495   5.016  -66.460  -68.125   0.860  -0.416     1.834  -0.613     2.949     -52.153        TiO4C12H28+8C3H8+4ClCH3->8C5H12+4OH2+TiCl4
90   3.782966e-02 -354.903   -22.265   26   26.00  0.917  -76.201   2.201  -77.887  -79.022   0.818  -0.547     1.477  -0.613    -0.515     -55.622        TiO4C12H28+8C2H6+4ClCH3->8C4H10+4OH2+TiCl4
107  3.747076e-02 -352.028    31.709   26   26.00  0.756 -143.244  34.932 -177.661 -180.282   0.039   0.136     3.031  -0.585    -0.515    -209.370           TiO4C12H28+8H2+4ClCH3->8C2H6+4OH2+TiCl4
79   3.416471e-02 -353.992    -7.558   26   26.00  1.144    5.248   6.722   -0.959   -2.764   2.053  -0.739     0.889  -0.398    -0.515       6.599        TiO4C12H28+8C4H10+4ClH->8C5H12+4OCH4+TiCl4
231  3.265628e-02 -354.054   -48.387   62   23.33  0.742 -172.221  17.495 -189.201 -186.340  -1.829  -2.028     0.847   0.149    -0.515    -140.814       3TiO4C12H28+20OC+12ClH->8C5H12+16O2C+3TiCl4
81   3.223603e-02 -354.399   -17.096   26   26.00  1.075  -11.417   4.071  -12.915  -14.140   2.094  -0.857     0.396  -0.408    -2.573       4.181        TiO4C12H28+8C4H10+4ClH->8C5H12+4OCH4+TiCl4
77   2.999737e-02 -354.816    21.686   26   26.00  1.040   46.392  13.626   29.817   26.396   1.866  -0.385     2.286  -0.346     2.949       8.131        TiO4C12H28+8C4H10+4ClH->8C5H12+4OCH4+TiCl4
98   2.890155e-02 -353.406    33.531   22   26.00  0.822  -69.064  -3.151  -64.369  -64.637   0.520  -1.427     2.230  -1.055    -1.544     -97.900       TiO4C12H28+4C4H10+4ClCH3->10C3H8+2O2C+TiCl4
279  2.299904e-02 -355.634    40.595   90   26.00  0.752   50.653 -37.195   88.363   87.109   2.932  -1.673     1.755  -1.760    -0.515      47.768     5TiO4C12H28+20ClCH3->28H2+12C5H12+20OC+5TiCl4
85   2.238845e-02 -356.833    42.279   22   26.00  0.722  -23.215   3.122  -25.822  -27.202   1.546  -1.651     2.344  -0.859    -0.515     -68.101           TiO4C12H28+8ClH->6CH4+2O2C+TiCl4+4ClCH3
94   2.096382e-02 -353.202    38.300   22   26.00  0.845  -60.732  -1.826  -58.391  -58.949   0.499  -1.368     2.477  -1.050    -0.515     -96.691       TiO4C12H28+4C4H10+4ClCH3->10C3H8+2O2C+TiCl4
113  1.706529e-02 -353.897    46.424   26   26.00  0.717  -74.871  37.202 -111.558 -114.887   0.998  -0.074     2.788  -0.383    -0.515    -157.982             TiO4C12H28+8H2+4ClH->8CH4+4OCH4+TiCl4
96   1.605795e-02 -354.678    42.943   22   26.00  0.834  -39.020   1.298  -38.072  -39.122   1.029  -1.500     2.454  -0.933    -2.246     -81.015         TiO4C12H28+4C5H12+4ClH->10C3H8+2O2C+TiCl4
74   1.518981e-02 -354.251    61.615   16   22.00  0.741    3.067  -8.992   12.574   10.188   2.080  -0.995     2.717  -1.416    -0.515     -49.041           TiO4C12H28+4ClCH3->6C2H6+OCH4+3OC+TiCl4
280  1.517179e-02 -357.136    48.103   90   26.00  0.715   93.285 -35.015  128.815  126.767   3.523  -1.761     1.921  -1.635    -0.515      80.712        5TiO4C12H28+20ClH->32H2+8C5H12+20OC+5TiCl4
99   1.342367e-02 -354.899    50.006   22   26.00  0.707 -105.557  11.786 -116.828 -117.670   0.583  -1.364     2.618  -0.995    -0.515    -166.834             TiO4C12H28+4H2+4ClH->10CH4+2O2C+TiCl4
281  1.294108e-02 -355.881    49.368   90   26.00  0.738   62.996 -35.124   97.595   95.856   2.876  -1.567     2.174  -1.744     0.525      48.227     5TiO4C12H28+20ClCH3->28H2+12C5H12+20OC+5TiCl4
112  1.265626e-02 -355.923    49.412   18   26.00  0.745   50.392 -33.898   84.805   83.170   2.817  -1.573     2.137  -1.746    -0.515      35.393           TiO4C12H28+4ClCH3->5H2+3C4H10+4OC+TiCl4
276  1.171502e-02 -354.281    62.064   82   22.80  0.743   -8.448 -10.313    2.380    0.101   2.028  -1.026     2.782  -1.505    -0.515     -59.684      5TiO4C12H28+20ClCH3->32C2H6+4OH2+16OC+5TiCl4
84   1.157005e-02 -355.706    51.920   20   26.00  0.706  -65.398  -6.762  -58.121  -57.920   0.847  -2.131     2.312  -1.229    -0.515    -110.041             TiO4C12H28+2OH2+4ClH->9CH4+3O2C+TiCl4
102  9.892450e-03 -355.770    52.989   18   26.00  0.731   56.641 -32.904   89.288   87.436   2.801  -1.529     2.322  -1.742     0.257      36.299           TiO4C12H28+4ClCH3->5H2+3C4H10+4OC+TiCl4
282  9.707987e-03 -357.301    53.952   90   26.00  0.709  101.514 -33.635  134.971  132.601   3.485  -1.690     2.200  -1.625     0.178      81.019        5TiO4C12H28+20ClH->32H2+8C5H12+20OC+5TiCl4
101  9.602186e-03 -357.329    53.982   18   26.00  0.712   93.111 -32.817  126.443  124.141   3.446  -1.694     2.176  -1.626    -0.515      72.461             TiO4C12H28+4ClH->6H2+2C4H10+4OC+TiCl4
89   9.489800e-03 -353.793   -43.550   26   26.00  1.063  -99.639  -1.889  -97.235  -97.283   1.047  -0.770     0.436  -0.665    -0.515     -53.685        TiO4C12H28+8C3H8+4ClCH3->8C5H12+4OH2+TiCl4
103  7.962279e-03 -357.227    56.366   18   26.00  0.706   97.277 -32.155  129.432  126.986   3.435  -1.665     2.299  -1.623     0.000      73.066             TiO4C12H28+4ClH->6H2+2C4H10+4OC+TiCl4
104  5.897338e-03 -355.278    58.853   18   26.00  0.734   45.786 -29.166   75.467   73.552   2.700  -1.458     2.409  -1.736    -0.515      16.614            TiO4C12H28+4ClCH3->4H2+4C3H8+4OC+TiCl4
249  5.573178e-03 -356.899    60.275   54   26.00  0.707   90.040 -29.662  120.217  117.729   3.368  -1.617     2.357  -1.620    -0.515      59.942         3TiO4C12H28+12ClH->16H2+8C3H8+12OC+3TiCl4
91   4.748520e-03 -355.089    57.565   22   26.00  0.867  -18.449   4.750  -22.684  -24.544   0.936  -1.322     3.153  -0.907    -0.515     -80.249         TiO4C12H28+4C5H12+4ClH->10C3H8+2O2C+TiCl4
106  2.706148e-03 -356.610    67.475   18   26.00  0.710   76.350 -24.635  101.500   98.827   3.251  -1.523     2.564  -1.619    -0.515      34.025              TiO4C12H28+4ClH->4H2+4C2H6+4OC+TiCl4
97   2.633615e-03 -354.877    67.256   18   26.00  0.728  -18.841 -18.218   -0.108   -1.805   2.279  -1.326     2.524  -1.780    -0.515     -67.364           TiO4C12H28+4ClCH3->7CH4+C5H12+4OC+TiCl4
247  1.986402e-03 -355.042    69.905   54   26.00  0.728  -15.648 -17.656    2.523    0.676   2.259  -1.298     2.658  -1.772    -0.515     -67.382     3TiO4C12H28+12ClCH3->20CH4+4C4H10+12OC+3TiCl4
105  1.975705e-03 -354.845    69.653   18   26.00  0.740   25.251 -21.624   47.390   45.197   2.525  -1.317     2.720  -1.735    -0.515     -22.263            TiO4C12H28+4ClCH3->2H2+6C2H6+4OC+TiCl4
78   1.789375e-03 -354.980    70.911   18   26.00  0.726  -13.698 -17.355    3.739    1.838   2.256  -1.281     2.699  -1.773    -0.082     -67.172           TiO4C12H28+4ClCH3->7CH4+C5H12+4OC+TiCl4
248  1.682329e-03 -354.974    71.494   54   26.00  0.725  -12.870 -17.215    4.517    2.574   2.252  -1.278     2.740  -1.771    -0.172     -66.977     3TiO4C12H28+12ClCH3->20CH4+4C4H10+12OC+3TiCl4
111  1.490600e-03 -354.807    72.576   18   26.00  0.725  -11.347 -16.914    6.082    4.116   2.257  -1.267     2.741  -1.765    -0.515     -66.494           TiO4C12H28+4ClCH3->6CH4+2C3H8+4OC+TiCl4
109  1.087982e-03 -354.675    75.201   18   26.00  0.730   -5.993 -15.970   10.492    8.358   2.288  -1.237     2.838  -1.755    -0.515     -64.709           TiO4C12H28+4ClCH3->4CH4+4C2H6+4OC+TiCl4
86   7.800851e-04 -356.271    78.572   18   26.00  0.705   13.863 -13.327   27.705   25.150   2.776  -1.363     2.800  -1.658    -0.515     -50.867                   TiO4C12H28+4ClH->8CH4+4OC+TiCl4
259  1.697034e-04 -354.269    80.922   62   28.67  0.774    4.281 -14.124   19.497   17.052   2.330  -1.178     3.023  -1.730    -1.092     -61.425    3TiO4C12H28+4C5H12+12ClCH3->28C2H6+12OC+3TiCl4
115  9.418230e-05 -354.227    80.762   22   30.00  0.780    4.323 -14.104   19.456   17.036   2.341  -1.175     2.985  -1.731    -1.029     -61.306        TiO4C12H28+2C4H10+4ClCH3->10C2H6+4OC+TiCl4
257  8.938888e-05 -354.406    85.796   62   28.67  0.778   11.138 -12.973   24.626   21.913   2.298  -1.119     3.256  -1.722    -0.515     -61.170    3TiO4C12H28+4C5H12+12ClCH3->28C2H6+12OC+3TiCl4
114  6.848344e-05 -354.126    83.146   22   30.00  0.786    8.490 -13.441   22.446   19.882   2.330  -1.146     3.108  -1.728    -0.515     -60.700        TiO4C12H28+2C4H10+4ClCH3->10C2H6+4OC+TiCl4
126  3.233875e-05 -353.079    71.830   26   34.00  0.807  -25.849 -18.613   -6.721   -8.434   1.799  -1.111     2.876  -1.851    -0.515     -78.551           TiO4C12H28+8ClCH3->8C2H6+4OC+TiCl4+4ClH
155  6.533601e-09 -355.709   114.865   26   38.00  0.728   50.941 -29.776   81.232   77.502   4.006  -1.076     3.257  -2.457    -0.515     -33.633           TiO4C12H28+2O2C+4ClCH3->10CH4+8OC+TiCl4




---------------------------------------------------------------------
10 reactions with the worst weights:
---------------------------------------------------------------------
           weight      dfH  drE_corr  dn  n+|dn|      u     drH    ddrH     drE  drE_CBS  drE_CV  drE_IT  drE_TPNO  drE_SR  ddrHconf  drE_HF_CBS                                        reaction
155  6.533601e-09 -355.709   114.865  26   38.00  0.728  50.941 -29.776  81.232   77.502   4.006  -1.076     3.257  -2.457    -0.515     -33.633         TiO4C12H28+2O2C+4ClCH3->10CH4+8OC+TiCl4
126  3.233875e-05 -353.079    71.830  26   34.00  0.807 -25.849 -18.613  -6.721   -8.434   1.799  -1.111     2.876  -1.851    -0.515     -78.551         TiO4C12H28+8ClCH3->8C2H6+4OC+TiCl4+4ClH
114  6.848344e-05 -354.126    83.146  22   30.00  0.786   8.490 -13.441  22.446   19.882   2.330  -1.146     3.108  -1.728    -0.515     -60.700      TiO4C12H28+2C4H10+4ClCH3->10C2H6+4OC+TiCl4
257  8.938888e-05 -354.406    85.796  62   28.67  0.778  11.138 -12.973  24.626   21.913   2.298  -1.119     3.256  -1.722    -0.515     -61.170  3TiO4C12H28+4C5H12+12ClCH3->28C2H6+12OC+3TiCl4
115  9.418230e-05 -354.227    80.762  22   30.00  0.780   4.323 -14.104  19.456   17.036   2.341  -1.175     2.985  -1.731    -1.029     -61.306      TiO4C12H28+2C4H10+4ClCH3->10C2H6+4OC+TiCl4
259  1.697034e-04 -354.269    80.922  62   28.67  0.774   4.281 -14.124  19.497   17.052   2.330  -1.178     3.023  -1.730    -1.092     -61.425  3TiO4C12H28+4C5H12+12ClCH3->28C2H6+12OC+3TiCl4
86   7.800851e-04 -356.271    78.572  18   26.00  0.705  13.863 -13.327  27.705   25.150   2.776  -1.363     2.800  -1.658    -0.515     -50.867                 TiO4C12H28+4ClH->8CH4+4OC+TiCl4
109  1.087982e-03 -354.675    75.201  18   26.00  0.730  -5.993 -15.970  10.492    8.358   2.288  -1.237     2.838  -1.755    -0.515     -64.709         TiO4C12H28+4ClCH3->4CH4+4C2H6+4OC+TiCl4
111  1.490600e-03 -354.807    72.576  18   26.00  0.725 -11.347 -16.914   6.082    4.116   2.257  -1.267     2.741  -1.765    -0.515     -66.494         TiO4C12H28+4ClCH3->6CH4+2C3H8+4OC+TiCl4
248  1.682329e-03 -354.974    71.494  54   26.00  0.725 -12.870 -17.215   4.517    2.574   2.252  -1.278     2.740  -1.771    -0.172     -66.977   3TiO4C12H28+12ClCH3->20CH4+4C4H10+12OC+3TiCl4




---------------------------------------------------------------------
10 reactions with the worst dHf:
---------------------------------------------------------------------
       weight      dfH  drE_corr  dn  n+|dn|      u      drH    ddrH      drE  drE_CBS  drE_CV  drE_IT  drE_TPNO  drE_SR  ddrHconf  drE_HF_CBS                                    reaction
101  0.009602 -357.329    53.982  18    26.0  0.712   93.111 -32.817  126.443  124.141   3.446  -1.694     2.176  -1.626    -0.515      72.461       TiO4C12H28+4ClH->6H2+2C4H10+4OC+TiCl4
282  0.009708 -357.301    53.952  90    26.0  0.709  101.514 -33.635  134.971  132.601   3.485  -1.690     2.200  -1.625     0.178      81.019  5TiO4C12H28+20ClH->32H2+8C5H12+20OC+5TiCl4
103  0.007962 -357.227    56.366  18    26.0  0.706   97.277 -32.155  129.432  126.986   3.435  -1.665     2.299  -1.623     0.000      73.066       TiO4C12H28+4ClH->6H2+2C4H10+4OC+TiCl4
280  0.015172 -357.136    48.103  90    26.0  0.715   93.285 -35.015  128.815  126.767   3.523  -1.761     1.921  -1.635    -0.515      80.712  5TiO4C12H28+20ClH->32H2+8C5H12+20OC+5TiCl4
249  0.005573 -356.899    60.275  54    26.0  0.707   90.040 -29.662  120.217  117.729   3.368  -1.617     2.357  -1.620    -0.515      59.942   3TiO4C12H28+12ClH->16H2+8C3H8+12OC+3TiCl4
85   0.022388 -356.833    42.279  22    26.0  0.722  -23.215   3.122  -25.822  -27.202   1.546  -1.651     2.344  -0.859    -0.515     -68.101     TiO4C12H28+8ClH->6CH4+2O2C+TiCl4+4ClCH3
106  0.002706 -356.610    67.475  18    26.0  0.710   76.350 -24.635  101.500   98.827   3.251  -1.523     2.564  -1.619    -0.515      34.025        TiO4C12H28+4ClH->4H2+4C2H6+4OC+TiCl4
86   0.000780 -356.271    78.572  18    26.0  0.705   13.863 -13.327   27.705   25.150   2.776  -1.363     2.800  -1.658    -0.515     -50.867             TiO4C12H28+4ClH->8CH4+4OC+TiCl4
95   0.053908 -356.245     2.951  26    26.0  0.928   13.589   8.247    5.857    3.342   1.900  -0.636     1.621  -0.370    -0.515       2.906   TiO4C12H28+8C3H8+4ClH->8C4H10+4OCH4+TiCl4
151  0.515563 -356.221    19.267  28    18.0  0.719   -6.498 -12.576    6.593    6.070   1.419  -1.778     1.837  -0.955    -0.515     -12.674    2TiO4C12H28+8ClH->7H2+5C4H10+4O2C+2TiCl4
