---------------------------------------------------------------------
Results for m1_00_TiOiBu4-PBE0-D3-TZ_TiO2.all 

Average dfH = -365.52 

Uncertainty = 5.2
Computational contribution = 0.97
Experimental contribution = 5.11
---------------------------------------------------------------------
Number of reactions with all coeficients ≤  10 : 91  of  130
Parameters:
h1 = 6.96 
h2 = 22.4 

Summ of all weights = 33.27
---------------------------------------------------------------------
Average values and MSE of reaction characteristics:

                      Mean       St dev
          dfH      -365.52         0.49
     drE_corr         2.61        12.12
    n+dn_priv        13.44         1.91
          drH       104.10        25.17
         ddrH        -2.08         9.09
          drE       106.05        31.99
      drE_CBS       110.62        31.92
       drE_IT        -2.18         0.31
       drE_CV        -0.77         0.44
       drE_SR        -3.39         0.24
   drE_HF_CBS       103.44        28.26
     ddrHconf         0.13         0.62
          u/2         2.55         0.00


---------------------------------------------------------------------
91 reactions with the best weights:
---------------------------------------------------------------------
           weight      dfH  drE_corr  dn  n+|dn|      u      drH    ddrH      drE  drE_CBS  drE_CV  drE_IT  drE_TPNO  drE_SR  ddrHconf  drE_HF_CBS                                 reaction
1    1.000000e+00 -365.616    -2.973   6   10.00  5.104   95.852  -3.868   98.804  103.974  -1.111  -2.396     1.696  -3.359     0.916     101.777              TiO4C16H36->3C5H12+O2C+TiO2
86   9.672975e-01 -365.477     1.553  30   11.50  5.103   87.908  -1.094   88.420   93.449  -1.205  -2.349     1.881  -3.356     0.582      86.867      4TiO4C16H36+3H2->15C4H10+4O2C+4TiO2
101  9.637606e-01 -365.529    -0.670  34   11.60  5.106  116.895  -8.724  126.002  130.742  -0.305  -2.286     1.372  -3.521    -0.383     126.672     5TiO4C16H36->14C5H12+3OCH4+7OC+5TiO2
100  9.599257e-01 -364.986    -1.686  48   11.60  5.104  100.239  11.378   88.031   91.934  -0.992  -1.711     1.857  -3.057     0.830      89.717   5TiO4C16H36+14H2->14C5H12+10OCH4+5TiO2
83   9.544809e-01 -365.668    -2.918  30   11.50  5.106   80.096  -2.336   82.815   88.115  -1.186  -2.404     1.650  -3.360    -0.383      85.733      4TiO4C16H36+3H2->15C4H10+4O2C+4TiO2
2    9.346845e-01 -365.597    -1.222   8   12.00  5.103   98.335  -3.447  101.136  106.178  -1.123  -2.387     1.819  -3.351     0.646     102.358          TiO4C16H36+CH4->4C4H10+O2C+TiO2
3    8.713655e-01 -365.800    -5.992   8   12.00  5.107   90.002  -4.773   95.158  100.489  -1.102  -2.445     1.572  -3.356    -0.383     101.150          TiO4C16H36+CH4->4C4H10+O2C+TiO2
45   8.403779e-01 -365.035    -1.635  22   13.00  5.105   85.533  12.808   73.108   77.132  -1.062  -1.718     1.814  -3.058    -0.383      74.743      2TiO4C16H36+7H2->7C4H10+4OCH4+2TiO2
40   8.347442e-01 -364.857     2.538  22   13.00  5.103   92.825  13.968   78.339   82.110  -1.080  -1.666     2.029  -3.054     0.518      75.801      2TiO4C16H36+7H2->7C4H10+4OCH4+2TiO2
44   8.337837e-01 -365.709    -2.612  18   13.00  5.104   95.756  -3.914   98.895  104.008  -1.136  -2.402     1.782  -3.357     0.775     101.507     2TiO4C16H36+3C2H6->9C4H10+2O2C+2TiO2
106  8.075873e-01 -366.000     7.497  36   12.40  5.105  109.979  -8.409  118.771  123.538  -0.578  -2.379     1.752  -3.562    -0.383     111.274      5TiO4C16H36->18C4H10+2O2C+6OC+5TiO2
102  8.044396e-01 -365.817     9.566  34   11.60  5.104  131.296  -6.307  136.773  140.947  -0.370  -2.162     1.861  -3.503     0.830     127.207     5TiO4C16H36->14C5H12+3OCH4+7OC+5TiO2
104  7.960241e-01 -364.938    -7.965  52   12.40  5.105   66.649  12.141   53.505   57.656  -1.287  -1.670     1.927  -3.121     1.003      61.470    5TiO4C16H36+16H2->16C5H12+10OH2+5TiO2
46   7.430491e-01 -365.938    -7.978  18   13.00  5.109   86.382  -5.405   92.170   97.609  -1.113  -2.468     1.505  -3.363    -0.383     100.148     2TiO4C16H36+3C2H6->9C4H10+2O2C+2TiO2
98   7.263806e-01 -364.698   -11.922  48   11.60  5.107   85.839   8.961   77.261   81.731  -0.927  -1.835     1.367  -3.075    -0.383      89.183   5TiO4C16H36+14H2->14C5H12+10OCH4+5TiO2
8    7.175480e-01 -364.790    -3.137  12   14.00  5.103   58.176  15.101   42.429   46.430  -1.388  -1.620     2.125  -3.118     0.646      45.566         TiO4C16H36+4H2->4C4H10+2OH2+TiO2
110  7.062032e-01 -365.885     4.153  40   14.00  5.106  130.205 -16.303  146.891  151.747  -0.038  -2.479     1.373  -3.712    -0.383     142.738      5TiO4C16H36->6H2+14C5H12+10OC+5TiO2
0    6.901894e-01 -365.307   -13.939   6   10.00  5.107   80.423  -6.458   87.264   93.040  -1.041  -2.529     1.172  -3.378    -0.383     101.203              TiO4C16H36->3C5H12+O2C+TiO2
107  6.855738e-01 -365.817    11.789  36   12.40  5.102  117.478  -7.216  124.151  128.657  -0.597  -2.326     1.974  -3.557     0.543     112.362      5TiO4C16H36->18C4H10+2O2C+6OC+5TiO2
6    6.450409e-01 -364.993    -7.906  12   14.00  5.107   49.843  13.775   36.451   40.741  -1.367  -1.678     1.878  -3.123    -0.383      44.357         TiO4C16H36+4H2->4C4H10+2OH2+TiO2
118  6.265472e-01 -366.085    11.957  68   13.11  5.105  121.005  -9.542  130.930  135.327  -0.305  -2.286     1.826  -3.632    -0.383     118.973     9TiO4C16H36->32C4H10+2OH2+16OC+9TiO2
16   6.252741e-01 -364.862     8.883  10   14.00  5.103   74.339   3.579   71.143   76.093  -1.331  -2.260     1.989  -3.348    -0.383      62.260           TiO4C16H36+2H2->5C3H8+O2C+TiO2
97   6.209513e-01 -366.073    12.430  30   13.00  5.105  124.354  -9.299  134.036  138.399  -0.284  -2.282     1.819  -3.616    -0.383     121.606      4TiO4C16H36->14C4H10+OCH4+7OC+4TiO2
47   6.198466e-01 -365.437   -12.458  22   13.00  5.106  138.586   2.494  134.959  138.942  -0.682  -1.853     1.594  -3.042     1.133     147.417     2TiO4C16H36+7CH4->7C5H12+4OCH4+2TiO2
48   6.022515e-01 -365.723     9.866  16   14.00  5.105  115.314 -12.237  127.934  132.696  -0.178  -2.405     1.538  -3.717    -0.383     118.068       2TiO4C16H36->3CH4+5C5H12+4OC+2TiO2
11   4.993799e-01 -365.622    13.839   8   14.00  5.104  121.738 -11.113  133.234  137.777  -0.174  -2.360     1.695  -3.704    -0.383     119.395        TiO4C16H36->2C2H6+2C5H12+2OC+TiO2
119  4.945040e-01 -365.905    16.196  68   13.11  5.102  128.412  -8.364  136.244  140.385  -0.324  -2.234     2.045  -3.628     0.532     120.048     9TiO4C16H36->32C4H10+2OH2+16OC+9TiO2
96   4.883187e-01 -365.896    16.603  30   13.00  5.102  131.646  -8.139  139.267  143.376  -0.302  -2.230     2.035  -3.612     0.518     122.664      4TiO4C16H36->14C4H10+OCH4+7OC+4TiO2
111  4.882976e-01 -365.299    11.404  48   14.80  5.103   92.721  -6.324   99.428  104.998  -1.217  -2.701     1.839  -3.491    -0.383      88.024      5TiO4C16H36+6OH2->24C3H8+8O2C+5TiO2
109  4.841925e-01 -366.173    14.388  40   14.00  5.104  144.606 -13.887  157.663  161.953  -0.103  -2.355     1.862  -3.694     0.830     143.275      5TiO4C16H36->6H2+14C5H12+10OC+5TiO2
49   4.825867e-01 -366.222    14.439  16   14.00  5.105  129.900 -12.457  142.740  147.151  -0.173  -2.362     1.820  -3.696    -0.383     128.301         2TiO4C16H36->H2+7C4H10+4OC+2TiO2
18   4.799263e-01 -365.097     2.022  12   16.00  5.105  102.905  -2.546  105.834  110.810  -1.110  -2.355     1.823  -3.334    -0.383     103.812          TiO4C16H36+3CH4->6C3H8+O2C+TiO2
20   4.755512e-01 -365.847    -2.845  12   16.00  5.108   96.050  -3.898   98.787  103.862  -1.130  -2.402     1.817  -3.360     1.161     101.632        TiO4C16H36+3C3H8->6C4H10+O2C+TiO2
81   4.749596e-01 -364.282     9.379  40   15.33  5.103   80.160  18.329   62.214   65.912  -1.198  -1.583     2.130  -3.047    -0.383      52.835     3TiO4C16H36+14H2->14C3H8+6OCH4+3TiO2
89   4.555635e-01 -365.415   -10.416  40   15.33  5.105  141.483   2.985  137.680  141.515  -0.696  -1.842     1.737  -3.034     0.818     148.096   3TiO4C16H36+14CH4->14C4H10+6OCH4+3TiO2
78   4.253023e-01 -366.134    16.489  24   14.00  5.105  123.296 -10.833  134.512  138.903  -0.229  -2.335     1.872  -3.699    -0.383     118.023      3TiO4C16H36->2CH4+10C4H10+6OC+3TiO2
108  4.189728e-01 -365.296     8.511  42   16.00  5.104   69.973  -7.483   77.839   83.728  -1.432  -2.767     1.884  -3.574    -0.383      69.328     4TiO4C16H36+6OCH4->21C3H8+7O2C+4TiO2
105  4.175539e-01 -364.608   -19.662  52   12.40  5.108   50.192   9.379   41.196   45.995  -1.213  -1.812     1.368  -3.142    -0.383      60.858    5TiO4C16H36+16H2->16C5H12+10OH2+5TiO2
19   3.947516e-01 -366.152    -9.998  12   16.00  5.116   83.551  -5.886   89.820   95.329  -1.099  -2.490     1.447  -3.367    -0.383      99.818        TiO4C16H36+3C3H8->6C4H10+O2C+TiO2
92   3.892234e-01 -364.133     4.682  44   16.67  5.104   43.702  20.085   24.000   27.917  -1.522  -1.525     2.240  -3.110    -0.383      19.318      3TiO4C16H36+16H2->16C3H8+6OH2+3TiO2
13   3.886498e-01 -366.042    17.813   8   14.00  5.104  125.710 -10.411  136.504  140.822  -0.221  -2.320     1.917  -3.694    -0.383     118.691         TiO4C16H36->C2H6+3C4H10+2OC+TiO2
10   3.880435e-01 -365.618    17.846   8   14.00  5.102  126.555 -10.281  137.219  141.580  -0.212  -2.318     1.864  -3.695    -0.383     119.373         TiO4C16H36->3C3H8+C5H12+2OC+TiO2
51   3.670358e-01 -366.044    18.612  16   14.00  5.102  137.191 -11.297  147.970  152.129  -0.191  -2.311     2.035  -3.692     0.518     129.358         2TiO4C16H36->H2+7C4H10+4OC+2TiO2
52   3.562668e-01 -365.980    19.004  16   14.00  5.103  128.171 -10.079  137.550  141.806  -0.236  -2.294     1.975  -3.701     0.700     118.546       2TiO4C16H36->3CH4+5C5H12+4OC+2TiO2
5    3.522026e-01 -365.899    19.160   8   14.00  5.102  127.597 -10.091  138.071  142.343  -0.231  -2.305     1.955  -3.691    -0.383     118.911        TiO4C16H36->2C3H8+2C4H10+2OC+TiO2
85   3.392957e-01 -365.652   -15.980  40   15.33  5.110  131.761   1.439  130.705  134.878  -0.672  -1.911     1.449  -3.039    -0.383     146.685   3TiO4C16H36+14CH4->14C4H10+6OCH4+3TiO2
14   3.218945e-01 -365.453   -20.275  12   14.00  5.108  110.475   1.988  107.138  111.382  -0.933  -1.834     1.627  -3.104     1.349     127.413        TiO4C16H36+4CH4->4C5H12+2OH2+TiO2
77   3.177646e-01 -365.964    20.463  24   14.00  5.102  130.240  -9.728  139.493  143.642  -0.246  -2.286     2.077  -3.694     0.475     119.030      3TiO4C16H36->2CH4+10C4H10+6OC+3TiO2
84   3.071220e-01 -365.793   -17.463  40   15.33  5.112  129.597   0.878  127.081  131.337  -0.719  -1.905     1.432  -3.064     1.638     144.544  3TiO4C16H36+14C2H6->14C5H12+6OCH4+3TiO2
12   3.001911e-01 -365.828    21.149   8   14.00  5.102  132.024  -9.387  140.928  145.067  -0.220  -2.272     2.044  -3.691     0.483     119.779        TiO4C16H36->2C2H6+2C5H12+2OC+TiO2
4    2.941198e-01 -365.890    21.390   8   14.00  5.102  131.960  -9.417  140.988  145.088  -0.237  -2.275     2.102  -3.690     0.389     119.598         TiO4C16H36->C2H6+3C4H10+2OC+TiO2
9    2.913173e-01 -365.721    21.502   8   14.00  5.102  131.698  -9.418  141.066  145.224  -0.235  -2.273     2.038  -3.688     0.050     119.564         TiO4C16H36->3C3H8+C5H12+2OC+TiO2
7    2.903834e-01 -365.798    21.544   8   14.00  5.101  131.764  -9.428  141.060  145.186  -0.241  -2.275     2.079  -3.689     0.132     119.516        TiO4C16H36->2C3H8+2C4H10+2OC+TiO2
42   2.365984e-01 -365.077   -25.252  22   13.00  5.110  120.586  -0.527  121.496  126.187  -0.600  -2.009     0.983  -3.065    -0.383     146.748     2TiO4C16H36+7CH4->7C5H12+4OCH4+2TiO2
95   2.139939e-01 -365.427   -17.941  44   16.67  5.105  113.785   2.549  110.247  114.320  -0.948  -1.821     1.790  -3.094     0.989     128.188    3TiO4C16H36+16CH4->16C4H10+6OH2+3TiO2
23   1.779320e-01 -366.257    14.476  12   18.00  5.117  119.397 -11.435  132.081  136.578  -0.222  -2.367     1.789  -3.697    -1.249     117.605       TiO4C16H36+2C5H12->6C4H10+2OC+TiO2
17   1.661526e-01 -365.548    23.167  10   16.00  5.103  134.049  -8.978  143.410  147.503  -0.235  -2.259     2.081  -3.680    -0.383     120.243           TiO4C16H36+CH4->5C3H8+2OC+TiO2
82   1.555977e-01 -365.469    25.454  28   15.33  5.103  124.527  -6.936  131.846  135.932  -0.309  -2.228     2.136  -3.685    -0.383     106.392        3TiO4C16H36+2H2->14C3H8+6OC+3TiO2
93   1.249444e-01 -365.698   -24.300  44   16.67  5.112  102.675   0.782  102.276  106.735  -0.921  -1.899     1.462  -3.101    -0.383     126.576    3TiO4C16H36+16CH4->16C4H10+6OH2+3TiO2
32   1.181731e-01 -364.831    -6.630  18   20.00  5.107  146.814   4.036  143.161  146.917  -0.680  -1.805     1.742  -3.013    -0.383     149.791        TiO4C16H36+7CH4->7C3H8+2OCH4+TiO2
24   1.067115e-01 -365.952    21.630  12   18.00  5.108  131.896  -9.447  141.048  145.112  -0.254  -2.279     2.159  -3.690     0.295     119.418       TiO4C16H36+2C5H12->6C4H10+2OC+TiO2
94   1.052567e-01 -365.859   -25.995  44   16.67  5.116  100.201   0.141   98.134  102.689  -0.975  -1.893     1.442  -3.129     1.926     124.129   3TiO4C16H36+16C2H6->16C5H12+6OH2+3TiO2
22   1.048606e-01 -366.462    21.787  12   18.00  5.118  129.682  -9.709  139.774  143.868  -0.269  -2.279     2.138  -3.684    -0.383     117.987       TiO4C16H36+2C5H12->6C4H10+2OC+TiO2
21   1.047829e-01 -365.614    21.854  12   18.00  5.105  131.372  -9.450  141.205  145.383  -0.250  -2.275     2.032  -3.685    -0.383     119.351         TiO4C16H36+2C2H6->6C3H8+2OC+TiO2
116  1.037325e-01 -365.660    28.421  64   15.71  5.103  136.073 -10.796  147.252  151.361  -0.135  -2.328     2.121  -3.767    -0.383     118.831      7TiO4C16H36+2OH2->32C3H8+16OC+7TiO2
90   1.000011e-01 -365.667    28.133  28   16.00  5.103  131.921 -11.146  143.450  147.599  -0.160  -2.335     2.137  -3.791    -0.383     115.317       3TiO4C16H36+OCH4->14C3H8+7OC+3TiO2
30   7.282469e-02 -365.937   -16.902  18   20.00  5.113  129.447   0.808  127.221  131.389  -0.758  -1.914     1.565  -3.061     1.418     144.123      TiO4C16H36+7C2H6->7C4H10+2OCH4+TiO2
68   7.040734e-02 -364.320    22.383  30   19.00  5.105   48.670  13.006   36.047   40.650  -1.551  -2.084     2.379  -3.347    -0.383      13.664       2TiO4C16H36+9H2->15C2H6+2O2C+2TiO2
27   6.568169e-02 -366.042   -18.285  18   20.00  5.129  130.357   0.951  126.758  130.969  -0.684  -1.902     1.446  -3.071     2.648     145.043      TiO4C16H36+7C3H8->7C5H12+2OCH4+TiO2
15   6.436766e-02 -365.041   -34.896  12   14.00  5.113   89.903  -1.465   91.751   96.803  -0.839  -2.011     0.928  -3.130    -0.383     126.647        TiO4C16H36+4CH4->4C5H12+2OH2+TiO2
87   5.228501e-02 -365.312   -34.522  40   15.33  5.120  105.596  -3.150  109.129  114.328  -0.610  -2.112     0.617  -3.094    -0.383     143.651  3TiO4C16H36+14C2H6->14C5H12+6OCH4+3TiO2
33   5.150805e-02 -365.295    -1.916  18   22.00  5.113   94.874  -3.962   99.219  104.447  -1.156  -2.401     1.678  -3.349    -0.383     101.135         TiO4C16H36+6C2H6->9C3H8+O2C+TiO2
25   5.103380e-02 -366.157    28.941  12   18.00  5.110  142.181  -7.721  148.741  152.401  -0.300  -2.191     2.508  -3.677     1.161     119.800       TiO4C16H36+2C5H12->6C4H10+2OC+TiO2
28   4.931186e-02 -363.777    21.979  18   20.00  5.104   56.202  27.128   29.457   32.830  -1.402  -1.419     2.494  -3.046    -0.383       7.478         TiO4C16H36+7H2->7C2H6+2OCH4+TiO2
55   3.830293e-02 -365.773    33.739  20   17.00  5.103  149.621 -12.193  162.197  165.849   0.203  -2.212     2.210  -3.853    -0.383     128.458         2TiO4C16H36+O2C->9C3H8+6OC+2TiO2
31   3.595126e-02 -366.293   -25.249  18   20.00  5.125  114.865  -1.512  116.760  121.434  -0.721  -2.017     1.134  -3.070    -0.383     142.009      TiO4C16H36+7C2H6->7C4H10+2OCH4+TiO2
38   3.591599e-02 -364.761   -13.615  20   22.00  5.109  119.879   3.750  116.512  120.496  -0.930  -1.779     1.796  -3.071    -0.383     130.127         TiO4C16H36+8CH4->8C3H8+2OH2+TiO2
127  2.788960e-02 -365.303    26.627  96   20.29  5.104   90.260  -9.024   99.667  105.629  -1.287  -3.044     2.023  -3.654    -0.383      73.040    7TiO4C16H36+18OH2->48C2H6+16O2C+7TiO2
34   2.519308e-02 -363.555    19.081  20   22.00  5.105   16.321  30.141  -13.437   -9.890  -1.756  -1.337     2.655  -3.109    -0.383     -32.518          TiO4C16H36+8H2->8C2H6+2OH2+TiO2
35   1.438730e-02 -366.024   -25.354  20   22.00  5.117  100.030   0.061   98.294  102.748  -1.019  -1.903     1.594  -3.126     1.675     123.648       TiO4C16H36+8C2H6->8C4H10+2OH2+TiO2
37   1.210231e-02 -366.145   -26.935  20   22.00  5.138  101.071   0.225   97.765  102.268  -0.935  -1.889     1.458  -3.137     3.081     124.700       TiO4C16H36+8C3H8->8C5H12+2OH2+TiO2
29   7.206764e-03 -364.964    38.053  14   20.00  5.104  100.569   1.863   99.089  102.850  -0.513  -2.063     2.499  -3.684    -0.383      61.036           TiO4C16H36+3H2->7C2H6+2OC+TiO2
91   6.522608e-03 -365.310   -45.491  44   16.67  5.125   72.772  -4.462   77.617   83.249  -0.850  -2.129     0.510  -3.163    -0.383     123.108   3TiO4C16H36+16C2H6->16C5H12+6OH2+3TiO2
120  4.849974e-03 -365.298    23.110  84   24.40  5.107   35.111 -12.412   47.906   54.721  -1.817  -3.281     2.172  -3.889    -0.383      24.796   5TiO4C16H36+18OCH4->42C2H6+14O2C+5TiO2
36   4.550003e-03 -366.431   -34.893  20   22.00  5.132   83.365  -2.590   86.338   91.371  -0.978  -2.020     1.101  -3.136    -0.383     121.231       TiO4C16H36+8C2H6->8C4H10+2OH2+TiO2
26   2.741084e-03 -365.322   -43.873  18   20.00  5.146   94.357  -5.090   99.830  105.456  -0.521  -2.212     0.223  -3.116    -0.383     143.703      TiO4C16H36+7C3H8->7C5H12+2OCH4+TiO2
41   8.841730e-04 -365.218    29.730  20   26.00  5.109  147.434  -6.618  154.435  158.108  -0.157  -2.183     2.322  -3.655    -0.383     124.705         TiO4C16H36+6CH4->10C2H6+2OC+TiO2
115  5.859182e-04 -365.809    49.436  64   21.20  5.103  151.117 -15.104  166.604  170.494   0.232  -2.499     2.406  -4.029    -0.383     117.168      5TiO4C16H36+6OH2->32C2H6+16OC+5TiO2
88   2.085128e-04 -365.854    50.109  28   23.00  5.104  133.844 -17.086  151.313  155.364   0.154  -2.547     2.504  -4.162    -0.383     101.204      2TiO4C16H36+3OCH4->14C2H6+7OC+2TiO2
39   9.450913e-05 -365.321   -56.178  20   22.00  5.160   59.927  -6.680   66.990   73.110  -0.748  -2.243     0.060  -3.189    -0.383     123.168       TiO4C16H36+8C3H8->8C5H12+2OH2+TiO2
43   3.503770e-07 -366.251    69.394  16   26.00  5.103  204.367 -20.424  225.174  227.250   1.562  -2.022     2.741  -4.357    -0.383     155.780          TiO4C16H36+2O2C->6C2H6+6OC+TiO2




---------------------------------------------------------------------
10 reactions with the worst weights:
---------------------------------------------------------------------
           weight      dfH  drE_corr  dn  n+|dn|      u      drH    ddrH      drE  drE_CBS  drE_CV  drE_IT  drE_TPNO  drE_SR  ddrHconf  drE_HF_CBS                                reaction
43   3.503770e-07 -366.251    69.394  16   26.00  5.103  204.367 -20.424  225.174  227.250   1.562  -2.022     2.741  -4.357    -0.383     155.780         TiO4C16H36+2O2C->6C2H6+6OC+TiO2
39   9.450913e-05 -365.321   -56.178  20   22.00  5.160   59.927  -6.680   66.990   73.110  -0.748  -2.243     0.060  -3.189    -0.383     123.168      TiO4C16H36+8C3H8->8C5H12+2OH2+TiO2
88   2.085128e-04 -365.854    50.109  28   23.00  5.104  133.844 -17.086  151.313  155.364   0.154  -2.547     2.504  -4.162    -0.383     101.204     2TiO4C16H36+3OCH4->14C2H6+7OC+2TiO2
115  5.859182e-04 -365.809    49.436  64   21.20  5.103  151.117 -15.104  166.604  170.494   0.232  -2.499     2.406  -4.029    -0.383     117.168     5TiO4C16H36+6OH2->32C2H6+16OC+5TiO2
41   8.841730e-04 -365.218    29.730  20   26.00  5.109  147.434  -6.618  154.435  158.108  -0.157  -2.183     2.322  -3.655    -0.383     124.705        TiO4C16H36+6CH4->10C2H6+2OC+TiO2
26   2.741084e-03 -365.322   -43.873  18   20.00  5.146   94.357  -5.090   99.830  105.456  -0.521  -2.212     0.223  -3.116    -0.383     143.703     TiO4C16H36+7C3H8->7C5H12+2OCH4+TiO2
36   4.550003e-03 -366.431   -34.893  20   22.00  5.132   83.365  -2.590   86.338   91.371  -0.978  -2.020     1.101  -3.136    -0.383     121.231      TiO4C16H36+8C2H6->8C4H10+2OH2+TiO2
120  4.849974e-03 -365.298    23.110  84   24.40  5.107   35.111 -12.412   47.906   54.721  -1.817  -3.281     2.172  -3.889    -0.383      24.796  5TiO4C16H36+18OCH4->42C2H6+14O2C+5TiO2
91   6.522608e-03 -365.310   -45.491  44   16.67  5.125   72.772  -4.462   77.617   83.249  -0.850  -2.129     0.510  -3.163    -0.383     123.108  3TiO4C16H36+16C2H6->16C5H12+6OH2+3TiO2
29   7.206764e-03 -364.964    38.053  14   20.00  5.104  100.569   1.863   99.089  102.850  -0.513  -2.063     2.499  -3.684    -0.383      61.036          TiO4C16H36+3H2->7C2H6+2OC+TiO2




---------------------------------------------------------------------
10 reactions with the worst dHf:
---------------------------------------------------------------------
           weight      dfH  drE_corr  dn  n+|dn|      u      drH    ddrH      drE  drE_CBS  drE_CV  drE_IT  drE_TPNO  drE_SR  ddrHconf  drE_HF_CBS                             reaction
22   1.048606e-01 -366.462    21.787  12    18.0  5.118  129.682  -9.709  139.774  143.868  -0.269  -2.279     2.138  -3.684    -0.383     117.987   TiO4C16H36+2C5H12->6C4H10+2OC+TiO2
36   4.550003e-03 -366.431   -34.893  20    22.0  5.132   83.365  -2.590   86.338   91.371  -0.978  -2.020     1.101  -3.136    -0.383     121.231   TiO4C16H36+8C2H6->8C4H10+2OH2+TiO2
31   3.595126e-02 -366.293   -25.249  18    20.0  5.125  114.865  -1.512  116.760  121.434  -0.721  -2.017     1.134  -3.070    -0.383     142.009  TiO4C16H36+7C2H6->7C4H10+2OCH4+TiO2
23   1.779320e-01 -366.257    14.476  12    18.0  5.117  119.397 -11.435  132.081  136.578  -0.222  -2.367     1.789  -3.697    -1.249     117.605   TiO4C16H36+2C5H12->6C4H10+2OC+TiO2
43   3.503770e-07 -366.251    69.394  16    26.0  5.103  204.367 -20.424  225.174  227.250   1.562  -2.022     2.741  -4.357    -0.383     155.780      TiO4C16H36+2O2C->6C2H6+6OC+TiO2
49   4.825867e-01 -366.222    14.439  16    14.0  5.105  129.900 -12.457  142.740  147.151  -0.173  -2.362     1.820  -3.696    -0.383     128.301     2TiO4C16H36->H2+7C4H10+4OC+2TiO2
109  4.841925e-01 -366.173    14.388  40    14.0  5.104  144.606 -13.887  157.663  161.953  -0.103  -2.355     1.862  -3.694     0.830     143.275  5TiO4C16H36->6H2+14C5H12+10OC+5TiO2
25   5.103380e-02 -366.157    28.941  12    18.0  5.110  142.181  -7.721  148.741  152.401  -0.300  -2.191     2.508  -3.677     1.161     119.800   TiO4C16H36+2C5H12->6C4H10+2OC+TiO2
19   3.947516e-01 -366.152    -9.998  12    16.0  5.116   83.551  -5.886   89.820   95.329  -1.099  -2.490     1.447  -3.367    -0.383      99.818    TiO4C16H36+3C3H8->6C4H10+O2C+TiO2
37   1.210231e-02 -366.145   -26.935  20    22.0  5.138  101.071   0.225   97.765  102.268  -0.935  -1.889     1.458  -3.137     3.081     124.700   TiO4C16H36+8C3H8->8C5H12+2OH2+TiO2
