---------------------------------------------------------------------
Results for m1_00_TiOiBu4-PBE0-D3-TZ_TiCl4.all 

Average dfH = -368.07 

Uncertainty = 1.79
Computational contribution = 1.62
Experimental contribution = 0.76
---------------------------------------------------------------------
Number of reactions with all coeficients ≤  10 : 177  of  291
Parameters:
h1 = 8.81 
h2 = 47.48 

Summ of all weights = 63.18
---------------------------------------------------------------------
Average values and MSE of reaction characteristics:

                      Mean       St dev
          dfH      -368.07         0.81
     drE_corr        22.30        18.22
    n+dn_priv        17.96         2.50
          drH       -47.42        46.51
         ddrH         5.48        10.21
          drE       -53.09        48.56
      drE_CBS       -55.15        47.77
       drE_IT        -1.01         0.56
       drE_CV         0.99         0.78
       drE_SR        -0.46         0.29
   drE_HF_CBS       -75.39        43.64
     ddrHconf         0.20         0.74
          u/2         0.38         0.02


---------------------------------------------------------------------
177 reactions with the best weights:
---------------------------------------------------------------------
           weight      dfH  drE_corr   dn  n+|dn|      u      drH    ddrH      drE  drE_CBS  drE_CV  drE_IT  drE_TPNO  drE_SR  ddrHconf  drE_HF_CBS                                           reaction
1    1.000000e+00 -368.555    14.561   12   14.00  0.751  -55.195   2.358  -57.170  -58.894   1.218  -1.196     2.216  -0.514    -0.383     -71.731             TiO4C16H36+4ClH->3C5H12+O2C+2OH2+TiCl4
237  9.336343e-01 -367.856     8.839   82   16.40  0.758  -85.426  18.195 -103.238 -105.941   1.047  -0.479     2.412  -0.277    -0.383    -112.077       5TiO4C16H36+16H2+20ClH->16C5H12+20OH2+5TiCl4
195  9.213942e-01 -367.228     8.484   50   15.00  0.796  -90.269  -3.781  -86.105  -86.792   0.671  -1.288     2.001  -0.697    -0.383     -94.589      4TiO4C16H36+16ClCH3->15C5H12+5O2C+6OH2+4TiCl4
13   9.143635e-01 -368.280     0.626   18   18.00  0.721 -116.544  11.933 -129.123 -128.827  -0.793  -1.821     2.375  -0.057     0.646    -129.749             TiO4C16H36+4OC+4ClH->4C4H10+4O2C+TiCl4
5    9.117813e-01 -368.360    12.894   16   16.00  0.763   15.650   9.226    6.807    3.636   1.898  -0.673     2.081  -0.135    -0.383      -6.087           TiO4C16H36+3CH4+4ClH->3C5H12+4OCH4+TiCl4
253  9.021306e-01 -367.230    14.505   86   14.57  0.786  -62.954  -2.443  -60.128  -61.202   0.897  -1.230     2.022  -0.615    -0.383     -74.633    7TiO4C16H36+28ClCH3->24C5H12+8O2C+12OCH4+7TiCl4
249  9.012380e-01 -368.558    22.590   82   13.43  0.742  -18.775   4.142  -22.534  -24.775   1.520  -1.119     2.244  -0.404    -0.383     -45.124      7TiO4C16H36+28ClH->18C5H12+6O2C+16OCH4+7TiCl4
0    8.708493e-01 -368.864    25.528   12   14.00  0.730  -39.766   4.947  -45.629  -47.960   1.148  -1.063     2.740  -0.494     0.916     -71.157             TiO4C16H36+4ClH->3C5H12+O2C+2OH2+TiCl4
234  8.549394e-01 -368.185    20.536   82   16.40  0.734  -68.969  20.956  -90.928  -94.277   0.972  -0.337     2.971  -0.257     1.003    -111.464       5TiO4C16H36+16H2+20ClH->16C5H12+20OH2+5TiCl4
36   8.455072e-01 -368.483    -4.143   18   18.00  0.747 -124.877  10.608 -135.102 -134.516  -0.772  -1.880     2.128  -0.062    -0.383    -130.959             TiO4C16H36+4OC+4ClH->4C4H10+4O2C+TiCl4
223  8.417669e-01 -368.036    24.319   74   14.80  0.745  -14.133  17.359  -31.109  -34.470   1.618  -0.524     2.411  -0.144    -0.383     -55.428      5TiO4C16H36+12H2+20ClH->12C5H12+20OCH4+5TiCl4
194  8.300084e-01 -367.614    22.192   50   15.00  0.764  -70.983  -0.545  -71.679  -73.124   0.583  -1.122     2.657  -0.673     1.241     -93.871      4TiO4C16H36+16ClCH3->15C5H12+5O2C+6OH2+4TiCl4
40   8.114980e-01 -368.700     8.226   18   18.00  0.754  -25.144  10.803  -37.296  -40.554   1.327  -0.500     2.671  -0.240     1.349     -45.522            TiO4C16H36+4CH4+4ClH->4C5H12+4OH2+TiCl4
3    8.062938e-01 -368.669    23.860   16   16.00  0.742   31.079  11.815   18.348   14.571   1.828  -0.540     2.605  -0.116     0.916      -5.512           TiO4C16H36+3CH4+4ClH->3C5H12+4OCH4+TiCl4
243  8.061058e-01 -367.276    10.896   82   18.00  0.748 -117.753   3.022 -121.627 -121.434  -0.615  -1.655     2.521  -0.444     0.852    -132.523     5TiO4C16H36+12OC+20ClCH3->24C4H10+16O2C+5TiCl4
239  7.909997e-01 -366.534    16.811   82   16.40  0.787  -56.765  15.179  -71.561  -74.129   1.028  -0.437     2.245  -0.268    -0.383     -88.372    5TiO4C16H36+16H2+20ClCH3->16C5H12+20OCH4+5TiCl4
15   7.728341e-01 -367.008    -8.786   18   18.00  0.771 -146.588   7.485 -155.422 -154.343  -1.301  -1.749     2.151  -0.180     1.349    -146.636           TiO4C16H36+4OC+4ClCH3->4C5H12+4O2C+TiCl4
254  7.679559e-01 -367.583    27.038   86   14.57  0.759  -45.321   0.516  -46.939  -48.707   0.817  -1.078     2.621  -0.592     1.102     -73.977    7TiO4C16H36+28ClCH3->24C5H12+8O2C+12OCH4+7TiCl4
245  7.643249e-01 -367.520     5.173   82   18.00  0.784 -127.752   1.431 -128.800 -128.259  -0.590  -1.726     2.225  -0.450    -0.383    -133.973     5TiO4C16H36+12OC+20ClCH3->24C4H10+16O2C+5TiCl4
248  7.497986e-01 -368.823    31.990   82   13.43  0.726   -5.550   6.362  -12.643  -15.403   1.460  -1.006     2.693  -0.387     0.731     -44.633      7TiO4C16H36+28ClH->18C5H12+6O2C+16OCH4+7TiCl4
32   7.480497e-01 -368.289    -6.396   18   18.00  0.790  -45.715   7.351  -52.683  -55.131   1.420  -0.678     1.972  -0.266    -0.383     -46.287            TiO4C16H36+4CH4+4ClH->4C5H12+4OH2+TiCl4
23   7.312301e-01 -366.354     1.330   18   18.00  0.806 -128.058  16.015 -143.690 -145.599   0.456  -0.391     2.246  -0.402    -0.383    -145.020           TiO4C16H36+4H2+4ClCH3->4C5H12+4OH2+TiCl4
17   7.203210e-01 -368.562     4.948   18   18.00  0.808    2.802   6.978   -3.793   -6.529   1.890  -0.762     1.768  -0.160    -0.383      -8.741          TiO4C16H36+4C2H6+4ClH->4C5H12+4OCH4+TiCl4
26   7.162514e-01 -366.766    15.952   18   18.00  0.770 -107.486  19.467 -128.302 -131.020   0.363  -0.214     2.945  -0.376     1.349    -144.254           TiO4C16H36+4H2+4ClCH3->4C5H12+4OH2+TiCl4
242  7.136682e-01 -369.254    20.284   70   18.00  0.745  -24.964 -13.479  -11.102  -11.849   1.389  -1.913     2.021  -0.750    -0.383     -31.386       5TiO4C16H36+20ClH->16H2+14C5H12+10O2C+5TiCl4
25   7.097072e-01 -366.967     1.577   18   18.00  0.818  -17.053   4.335  -21.005  -23.320   1.401  -0.635     1.806  -0.257    -0.383     -22.582         TiO4C16H36+4CH4+4ClCH3->4C5H12+4OCH4+TiCl4
247  7.085465e-01 -367.752    12.776   70   18.00  0.790  -67.595 -15.659  -51.553  -51.507   0.799  -1.826     1.855  -0.874    -0.383     -64.329     5TiO4C16H36+20ClCH3->12H2+18C5H12+10O2C+5TiCl4
9    7.058602e-01 -368.241    20.595   18   18.00  0.747  -85.775  22.591 -107.983 -111.194   0.893  -0.345     2.922  -0.259    -0.383    -128.578             TiO4C16H36+4H2+4ClH->4C4H10+4OH2+TiCl4
227  6.992751e-01 -368.283    33.092   74   14.80  0.731   -1.790  19.430  -21.876  -25.723   1.562  -0.418     2.831  -0.128     0.656     -54.968      5TiO4C16H36+12H2+20ClH->12C5H12+20OCH4+5TiCl4
37   6.920061e-01 -367.378    16.198   18   18.00  0.782    3.518   7.787   -5.618   -8.740   1.307  -0.458     2.504  -0.231     1.349     -21.816         TiO4C16H36+4CH4+4ClCH3->4C5H12+4OCH4+TiCl4
20   6.890484e-01 -368.230    25.015   16   18.00  0.723  -80.831   6.403  -86.851  -87.504   0.096  -1.694     2.637  -0.386    -0.383    -111.866              TiO4C16H36+2OC+4ClH->5C3H8+3O2C+TiCl4
42   6.874940e-01 -368.038    25.364   18   18.00  0.721  -77.442  23.916 -102.004 -105.505   0.872  -0.287     3.169  -0.253     0.646    -127.368             TiO4C16H36+4H2+4ClH->4C4H10+4OH2+TiCl4
12   6.806327e-01 -368.853    20.841   18   18.00  0.759   25.229  10.911   14.701   11.086   1.837  -0.589     2.481  -0.114    -0.383      -6.140           TiO4C16H36+4CH4+4ClH->4C4H10+4OCH4+TiCl4
24   6.713227e-01 -368.974    19.570   18   18.00  0.773   23.374  10.430   11.595    8.050   1.796  -0.584     2.467  -0.134     1.349      -7.975          TiO4C16H36+4C2H6+4ClH->4C5H12+4OCH4+TiCl4
220  6.666997e-01 -368.748    33.964   62   14.80  0.739   12.487   2.200   10.670    7.540   2.152  -0.911     2.415  -0.526    -0.383     -23.294       5TiO4C16H36+20ClH->12C5H12+14OCH4+6OC+5TiCl4
235  6.634609e-01 -366.863    28.509   82   16.40  0.764  -40.307  17.941  -59.251  -62.466   0.953  -0.295     2.804  -0.247     1.003     -87.760    5TiO4C16H36+16H2+20ClCH3->16C5H12+20OCH4+5TiCl4
22   6.596777e-01 -368.650    25.610   18   18.00  0.734   33.562  12.236   20.680   16.775   1.816  -0.530     2.728  -0.109     0.646      -4.930           TiO4C16H36+4CH4+4ClH->4C4H10+4OCH4+TiCl4
2    6.429386e-01 -368.325    33.136   16   16.00  0.739  -14.394  20.656  -34.667  -38.409   1.502  -0.424     2.794  -0.130    -0.383     -67.803            TiO4C16H36+3H2+4ClH->3C4H10+4OCH4+TiCl4
33   6.183761e-01 -367.427    24.202   14   18.00  0.770  -97.379  -7.526  -89.470  -89.613   0.519  -1.677     2.184  -0.883    -0.383    -113.672          TiO4C16H36+4ClCH3->3CH4+3C5H12+2O2C+TiCl4
238  6.177177e-01 -367.483    29.671   66   16.40  0.780  -21.271  -5.033  -15.855  -18.114   1.739  -0.952     2.250  -0.778    -0.383     -45.526     5TiO4C16H36+20ClCH3->16C5H12+12OCH4+8OC+5TiCl4
244  6.091407e-01 -368.122    25.936   70   18.00  0.761  -49.081 -12.552  -37.705  -38.386   0.715  -1.666     2.483  -0.851     1.176     -63.641     5TiO4C16H36+20ClCH3->12H2+18C5H12+10O2C+5TiCl4
4    5.995874e-01 -368.172    36.713   16   16.00  0.724   -8.145  21.650  -30.184  -34.144   1.487  -0.380     2.979  -0.126     0.389     -66.897            TiO4C16H36+3H2+4ClH->3C4H10+4OCH4+TiCl4
246  5.967082e-01 -369.542    30.520   70   18.00  0.726  -10.564 -11.063   -0.331   -1.644   1.324  -1.789     2.510  -0.732     0.830     -30.851       5TiO4C16H36+20ClH->16H2+14C5H12+10O2C+5TiCl4
126  5.849291e-01 -368.185    26.002   28   18.00  0.776  -67.988 -10.713  -56.892  -57.418   0.626  -1.675     2.428  -0.853    -0.383     -82.894         2TiO4C16H36+8ClCH3->3H2+9C4H10+4O2C+2TiCl4
127  5.798017e-01 -369.591    30.571   28   18.00  0.736  -25.269  -9.633  -15.253  -16.445   1.255  -1.796     2.467  -0.734    -0.383     -45.824           2TiO4C16H36+8ClH->5H2+7C4H10+4O2C+2TiCl4
6    5.739128e-01 -366.596   -23.408   18   18.00  0.806 -167.160   4.032 -170.809 -168.922  -1.208  -1.926     1.452  -0.205    -0.383    -147.401           TiO4C16H36+4OC+4ClCH3->4C5H12+4O2C+TiCl4
44   5.588107e-01 -367.410     0.565   20   20.00  0.799  -52.704   6.775  -61.261  -63.864   0.806  -0.418     2.570  -0.355     1.782     -61.826          TiO4C16H36+5CH4+4ClCH3->5C5H12+4OH2+TiCl4
128  5.536373e-01 -367.956    31.367   28   18.00  0.745  -58.613  -9.222  -50.166  -51.017   0.602  -1.609     2.706  -0.848     0.775     -81.533         2TiO4C16H36+8ClCH3->3H2+9C4H10+4O2C+2TiCl4
197  5.522789e-01 -368.675    10.560   62   20.67  0.739  -21.833  11.364  -34.186  -37.615   1.311  -0.487     2.835  -0.230     0.989     -44.746      3TiO4C16H36+16CH4+12ClH->16C4H10+12OH2+3TiCl4
11   5.497191e-01 -366.919    28.567   18   18.00  0.776  -57.113  19.575  -76.305  -79.381   0.873  -0.303     2.755  -0.249    -0.383    -104.872          TiO4C16H36+4H2+4ClCH3->4C4H10+4OCH4+TiCl4
129  5.428824e-01 -369.413    34.744   28   18.00  0.716  -17.978  -8.473  -10.023  -11.468   1.236  -1.745     2.683  -0.729     0.518     -44.767           2TiO4C16H36+8ClH->5H2+7C4H10+4O2C+2TiCl4
29   5.329698e-01 -367.225    32.148   14   18.00  0.751  -84.531  -5.278  -78.870  -79.449   0.527  -1.588     2.498  -0.858    -0.383    -111.018         TiO4C16H36+4ClCH3->4C2H6+2C5H12+2O2C+TiCl4
233  5.271666e-01 -368.547    39.905   66   16.40  0.721  -42.897   2.491  -45.005  -46.936   1.042  -1.368     2.884  -0.627    -0.383     -84.910         5TiO4C16H36+20ClH->24C3H8+8O2C+4OH2+5TiCl4
207  5.210425e-01 -368.056   -15.776   58   20.67  0.738 -140.573  15.653 -157.286 -156.252  -1.364  -1.899     2.066   0.163     1.060    -141.510       3TiO4C16H36+16OC+12ClH->10C5H12+14O2C+3TiCl4
34   5.182809e-01 -368.821    35.519   14   18.00  0.724  -64.675  -2.635  -61.657  -62.656   1.016  -1.715     2.460  -0.762    -0.383     -97.176            TiO4C16H36+4ClH->4CH4+2C5H12+2O2C+TiCl4
35   5.148776e-01 -366.716    33.337   18   18.00  0.751  -48.780  20.900  -70.326  -73.693   0.853  -0.244     3.002  -0.244     0.646    -103.663          TiO4C16H36+4H2+4ClCH3->4C4H10+4OCH4+TiCl4
224  5.139519e-01 -368.995    42.737   62   14.80  0.725   24.830   4.271   19.903   16.289   2.095  -0.804     2.834  -0.511     0.656     -22.834       5TiO4C16H36+20ClH->12C5H12+14OCH4+6OC+5TiCl4
16   5.136116e-01 -367.921    32.150   14   18.00  0.765  -87.799  -5.841  -81.575  -82.164   0.458  -1.593     2.585  -0.861    -0.383    -113.725          TiO4C16H36+4ClCH3->2CH4+4C4H10+2O2C+TiCl4
203  5.128674e-01 -368.946     4.201   62   20.67  0.783  -32.943   9.597  -42.157  -45.199   1.339  -0.566     2.506  -0.237    -0.383     -46.358      3TiO4C16H36+16CH4+12ClH->16C4H10+12OH2+3TiCl4
45   5.114368e-01 -366.835    16.026   20   20.00  0.789 -128.494  21.510 -149.621 -152.167   0.264  -0.224     2.884  -0.378    -0.383    -165.647           TiO4C16H36+5H2+4ClCH3->5C4H10+4OH2+TiCl4
48   5.105249e-01 -366.581    21.987   20   20.00  0.751 -118.078  23.167 -142.149 -145.056   0.238  -0.151     3.192  -0.372     0.904    -164.136           TiO4C16H36+5H2+4ClCH3->5C4H10+4OH2+TiCl4
104  5.086329e-01 -368.548    41.833   26   16.00  0.719  -27.732   3.263  -30.612  -32.755   1.185  -1.324     2.854  -0.572    -0.383     -72.445          2TiO4C16H36+8ClH->9C3H8+3O2C+2OCH4+2TiCl4
27   4.896188e-01 -367.736    35.168   14   18.00  0.749  -81.950  -4.937  -77.929  -78.679   0.449  -1.544     2.709  -0.864     0.916    -113.097          TiO4C16H36+4ClCH3->3CH4+3C5H12+2O2C+TiCl4
201  4.864625e-01 -369.107     2.505   62   20.67  0.806  -35.417   8.956  -46.299  -49.245   1.284  -0.559     2.486  -0.265     1.926     -48.804     3TiO4C16H36+16C2H6+12ClH->16C5H12+12OH2+3TiCl4
38   4.742897e-01 -367.717    36.919   14   18.00  0.740  -79.467  -4.516  -75.597  -76.475   0.437  -1.534     2.831  -0.856     0.646    -112.516          TiO4C16H36+4ClCH3->2CH4+4C4H10+2O2C+TiCl4
8    4.738035e-01 -367.646    36.122   14   18.00  0.750  -80.558  -4.576  -75.599  -76.404   0.480  -1.547     2.720  -0.848    -0.383    -111.721         TiO4C16H36+4ClCH3->3C2H6+3C4H10+2O2C+TiCl4
273  4.654507e-01 -369.333    40.457  122   17.11  0.737  -14.613  -0.727  -13.503  -16.606   1.954  -0.953     2.870  -0.768    -0.383     -53.960       9TiO4C16H36+36ClH->32C4H10+20OH2+16OC+9TiCl4
200  4.613628e-01 -367.353    18.533   62   20.67  0.768    6.829   8.349   -2.509   -5.803   1.292  -0.445     2.668  -0.221     0.989     -21.042   3TiO4C16H36+16CH4+12ClCH3->16C4H10+12OCH4+3TiCl4
236  4.548526e-01 -367.813    41.368   66   16.40  0.756   -4.814  -2.271   -3.546   -6.451   1.664  -0.810     2.809  -0.758     1.003     -44.914     5TiO4C16H36+20ClCH3->16C5H12+12OCH4+8OC+5TiCl4
206  4.511720e-01 -367.624    12.173   62   20.67  0.811   -4.281   6.582  -10.480  -13.388   1.320  -0.523     2.339  -0.228    -0.383     -22.653   3TiO4C16H36+16CH4+12ClCH3->16C4H10+12OCH4+3TiCl4
14   4.362360e-01 -367.493    39.699   14   18.00  0.736  -74.309  -3.582  -71.116  -72.138   0.464  -1.503     2.905  -0.844     0.389    -110.815         TiO4C16H36+4ClCH3->3C2H6+3C4H10+2O2C+TiCl4
185  4.355748e-01 -369.150    40.817   42   18.00  0.722  -58.289  -1.512  -56.394  -57.691   0.976  -1.659     2.727  -0.747    -0.383     -97.211        3TiO4C16H36+12ClH->10CH4+8C4H10+6O2C+3TiCl4
199  4.350003e-01 -367.785    10.478   62   20.67  0.833   -6.755   5.941  -14.622  -17.434   1.265  -0.517     2.319  -0.255     1.926     -25.100  3TiO4C16H36+16C2H6+12ClCH3->16C5H12+12OCH4+3TiCl4
21   4.340106e-01 -367.431    39.459   14   18.00  0.741  -74.245  -3.552  -71.176  -72.159   0.481  -1.500     2.847  -0.845     0.483    -110.635         TiO4C16H36+4ClCH3->4C2H6+2C5H12+2O2C+TiCl4
106  4.322334e-01 -369.215    45.192   26   16.00  0.731   18.881   1.707   17.557   14.105   2.169  -0.907     2.798  -0.608    -0.383     -27.635          2TiO4C16H36+8ClH->6C4H10+5OCH4+3OC+2TiCl4
47   4.266619e-01 -366.895   -17.713   20   20.00  0.853  -78.419   2.460  -80.496  -82.089   0.923  -0.640     1.697  -0.387    -0.383     -62.783          TiO4C16H36+5CH4+4ClCH3->5C5H12+4OH2+TiCl4
184  4.258745e-01 -368.838    41.585   42   18.00  0.720  -30.643  -4.112  -26.148  -27.665   1.119  -1.662     2.783  -0.723    -0.383     -67.733          3TiO4C16H36+12ClH->4H2+14C3H8+6O2C+3TiCl4
272  4.190063e-01 -369.152    44.697  122   17.11  0.717   -7.206   0.451   -8.189  -11.549   1.935  -0.901     3.090  -0.764     0.532     -52.886       9TiO4C16H36+36ClH->32C4H10+20OH2+16OC+9TiCl4
28   4.121826e-01 -369.027    42.830   14   18.00  0.715  -54.389  -0.909  -53.963  -55.368   0.970  -1.626     2.810  -0.749     0.483     -96.793            TiO4C16H36+4ClH->4CH4+2C5H12+2O2C+TiCl4
19   4.121537e-01 -367.217    40.163   14   18.00  0.751  -74.897  -3.615  -70.899  -71.843   0.451  -1.503     2.835  -0.839    -0.383    -111.062                TiO4C16H36+4ClCH3->6C3H8+2O2C+TiCl4
43   4.025273e-01 -367.679    42.577   18   18.00  0.727  -19.001  25.388  -44.006  -48.028   1.386  -0.309     3.065  -0.120    -0.383     -86.583             TiO4C16H36+4H2+4ClH->4C3H8+4OCH4+TiCl4
186  3.996376e-01 -369.014    43.997   42   18.00  0.710  -52.734  -0.628  -52.409  -53.899   0.962  -1.619     2.891  -0.744     0.303     -96.406        3TiO4C16H36+12ClH->10CH4+8C4H10+6O2C+3TiCl4
105  3.870543e-01 -369.062    48.769   26   16.00  0.717   25.130   2.701   22.040   18.370   2.154  -0.863     2.983  -0.604     0.389     -26.729          2TiO4C16H36+8ClH->6C4H10+5OCH4+3OC+2TiCl4
196  3.850412e-01 -367.236    -9.018   62   20.67  0.891  -34.184   1.338  -35.139  -36.873   1.390  -0.753     1.387  -0.290    -0.383     -26.121  3TiO4C16H36+16C2H6+12ClCH3->16C5H12+12OCH4+3TiCl4
208  3.838306e-01 -367.713   -27.961   58   20.67  0.764 -157.717  12.776 -170.110 -168.403  -1.286  -2.047     1.484   0.142    -0.383    -142.149       3TiO4C16H36+16OC+12ClH->10C5H12+14O2C+3TiCl4
198  3.717814e-01 -368.558   -16.990   62   20.67  0.866  -62.846   4.354  -66.817  -68.685   1.409  -0.796     1.554  -0.299    -0.383     -49.827     3TiO4C16H36+16C2H6+12ClH->16C5H12+12OH2+3TiCl4
204  3.689328e-01 -367.381    33.183   62   20.67  0.726  -91.916  28.901 -120.434 -124.017   0.737  -0.192     3.284  -0.246    -0.383    -153.617        3TiO4C16H36+16H2+12ClH->16C3H8+12OH2+3TiCl4
31   3.614150e-01 -368.681    46.160   14   18.00  0.715  -49.687  -0.028  -49.276  -50.811   0.971  -1.598     2.894  -0.732    -0.383     -95.436             TiO4C16H36+4ClH->2CH4+4C3H8+2O2C+TiCl4
182  3.570991e-01 -368.552    46.113   42   18.00  0.720  -47.544   0.362  -47.523  -49.105   1.027  -1.596     2.879  -0.728    -0.383     -93.636       3TiO4C16H36+12ClH->16C2H6+2C5H12+6O2C+3TiCl4
7    3.398813e-01 -368.692    47.438   14   18.00  0.718  -46.220   0.596  -46.433  -48.088   1.011  -1.583     2.952  -0.725    -0.383     -93.871            TiO4C16H36+4ClH->5C2H6+C4H10+2O2C+TiCl4
278  3.365719e-01 -368.201    40.854  130   18.89  0.775  -39.541  -7.637  -31.521  -33.931   1.590  -0.984     2.819  -1.015    -0.383     -72.375     9TiO4C16H36+36ClCH3->40C4H10+16OH2+20OC+9TiCl4
51   3.347729e-01 -369.098    20.050   22   22.00  0.777   23.246  10.370   11.715    8.095   1.763  -0.592     2.581  -0.132     1.161      -8.335          TiO4C16H36+6C2H6+4ClH->6C4H10+4OCH4+TiCl4
30   3.338714e-01 -368.106    44.642   14   18.00  0.767  -12.746  -5.690   -6.673   -9.363   1.763  -0.947     2.761  -0.887    -0.383     -51.315          TiO4C16H36+4ClCH3->4C4H10+2OCH4+2OC+TiCl4
10   3.254092e-01 -368.549    48.785   14   18.00  0.713  -44.333   0.916  -44.866  -46.569   1.002  -1.568     2.991  -0.722    -0.383     -93.651            TiO4C16H36+4ClH->4C2H6+2C3H8+2O2C+TiCl4
55   3.249320e-01 -369.403    12.896   22   22.00  0.831   10.747   8.382    2.748   -0.437   1.794  -0.680     2.211  -0.140    -0.383     -10.148          TiO4C16H36+6C2H6+4ClH->6C4H10+4OCH4+TiCl4
39   3.248564e-01 -368.641    48.630   14   18.00  0.716  -44.137   0.927  -44.938  -46.666   1.006  -1.568     3.014  -0.724    -0.126     -93.568            TiO4C16H36+4ClH->5C2H6+C4H10+2O2C+TiCl4
183  3.241650e-01 -368.621    48.550   42   18.00  0.718  -44.115   0.937  -44.958  -46.674   1.012  -1.567     2.995  -0.724    -0.094     -93.508       3TiO4C16H36+12ClH->16C2H6+2C5H12+6O2C+3TiCl4
50   2.992284e-01 -368.150    28.855   22   22.00  0.747   38.132  13.137   25.378   21.406   1.830  -0.499     2.732  -0.091    -0.383      -3.477            TiO4C16H36+6CH4+4ClH->6C3H8+4OCH4+TiCl4
279  2.976618e-01 -367.975    46.153  130   18.89  0.744  -30.283  -6.164  -24.880  -27.612   1.567  -0.919     3.093  -1.009     0.761     -71.033     9TiO4C16H36+36ClCH3->40C4H10+16OH2+20OC+9TiCl4
41   2.923883e-01 -367.902    49.411   14   18.00  0.742   -4.414  -4.364   -0.696   -3.675   1.742  -0.889     3.008  -0.882     0.646     -50.107          TiO4C16H36+4ClCH3->4C4H10+2OCH4+2OC+TiCl4
216  2.897800e-01 -367.378     3.482   70   23.33  0.777  -48.566   7.477  -57.375  -60.191   0.787  -0.402     2.774  -0.343     1.332     -60.857    3TiO4C16H36+20CH4+12ClCH3->20C4H10+12OH2+3TiCl4
49   2.841817e-01 -369.188    18.865   22   22.00  0.852   24.026  10.493   11.318    7.736   1.826  -0.581     2.478  -0.141     2.215      -7.547          TiO4C16H36+6C3H8+4ClH->6C5H12+4OCH4+TiCl4
58   2.823669e-01 -368.570    -3.068   22   22.00  0.923   -6.832   5.314  -11.763  -14.133   1.966  -0.847     1.430  -0.179    -0.383      -8.695          TiO4C16H36+6C3H8+4ClH->6C5H12+4OCH4+TiCl4
209  2.615892e-01 -366.059    41.155   62   20.67  0.756  -63.255  25.885  -88.757  -92.206   0.718  -0.149     3.117  -0.237    -0.383    -129.912     3TiO4C16H36+16H2+12ClCH3->16C3H8+12OCH4+3TiCl4
217  2.459110e-01 -367.717    -4.467   70   23.33  0.842  -62.454   5.268  -67.339  -69.672   0.821  -0.500     2.363  -0.351    -0.383     -62.872    3TiO4C16H36+20CH4+12ClCH3->20C4H10+12OH2+3TiCl4
218  2.253587e-01 -367.918    -6.586   70   23.33  0.875  -65.546   4.467  -72.517  -74.730   0.753  -0.492     2.338  -0.386     2.504     -65.931   3TiO4C16H36+20C2H6+12ClCH3->20C5H12+12OH2+3TiCl4
18   2.005192e-01 -368.866    58.652   14   18.00  0.718   25.366   0.123   25.626   21.991   2.275  -0.953     3.071  -0.758    -0.383     -33.026             TiO4C16H36+4ClH->4C3H8+2OCH4+2OC+TiCl4
215  1.957049e-01 -365.760    31.760   70   23.33  0.758 -136.171  29.397 -165.185 -168.197   0.070  -0.032     3.336  -0.362    -0.383    -196.945      3TiO4C16H36+20H2+12ClCH3->20C3H8+12OH2+3TiCl4
266  1.878086e-01 -368.908    56.922  102   19.14  0.719    0.455  -1.981    2.819   -0.573   2.124  -0.995     3.166  -0.903    -0.383     -54.103        7TiO4C16H36+28ClH->32C3H8+12OH2+16OC+7TiCl4
46   1.825571e-01 -368.333    54.185   16   20.00  0.729  -54.600   4.687  -58.904  -60.746   0.914  -1.497     3.147  -0.722    -0.383    -113.089               TiO4C16H36+H2+4ClH->7C2H6+2O2C+TiCl4
270  1.664467e-01 -368.551    55.128  110   20.29  0.728  -45.358  -0.209  -44.766  -46.306   0.973  -1.711     3.068  -0.790    -0.383     -99.894        7TiO4C16H36+4OH2+28ClH->48C2H6+16O2C+7TiCl4
256  1.443407e-01 -368.550    54.346   82   21.20  0.731  -57.613  -0.962  -56.268  -57.619   0.855  -1.763     3.101  -0.842    -0.383    -110.614       5TiO4C16H36+4OCH4+20ClH->36C2H6+12O2C+5TiCl4
53   1.378461e-01 -368.335    49.489   18   22.00  0.769  -44.985   0.853  -44.589  -46.253   0.972  -1.571     2.979  -0.716    -1.249     -94.078           TiO4C16H36+2C5H12+4ClH->8C3H8+2O2C+TiCl4
52   1.373401e-01 -368.417    51.410   18   22.00  0.738  -38.979   1.860  -40.456  -42.328   1.033  -1.537     3.088  -0.712    -0.383     -91.866             TiO4C16H36+2CH4+4ClH->8C2H6+2O2C+TiCl4
59   1.312490e-01 -369.215    53.096   18   22.00  0.726  -29.051   3.181  -31.849  -33.930   1.277  -1.601     3.069  -0.664    -0.383     -84.945           TiO4C16H36+6ClH->6C2H6+2O2C+TiCl4+2ClCH3
68   1.272223e-01 -368.009    14.886   26   26.00  0.761  -15.739  12.565  -27.921  -31.439   1.329  -0.445     2.841  -0.207    -0.383     -42.807             TiO4C16H36+8CH4+4ClH->8C3H8+4OH2+TiCl4
57   1.270568e-01 -367.246    53.377   22   22.00  0.733  -39.536  32.930  -72.083  -76.382   1.210  -0.168     3.376  -0.119    -0.383    -125.460             TiO4C16H36+6H2+4ClH->6C2H6+4OCH4+TiCl4
219  1.245106e-01 -367.232   -30.956   70   23.33  0.961  -99.832  -1.286  -98.163  -99.030   0.909  -0.787     1.174  -0.429    -0.383     -67.207   3TiO4C16H36+20C2H6+12ClCH3->20C5H12+12OH2+3TiCl4
80   1.221414e-01 -369.272     3.146   26   26.00  0.814  -35.588   8.876  -46.139  -49.187   1.240  -0.569     2.639  -0.262     1.675     -49.285           TiO4C16H36+8C2H6+4ClH->8C4H10+4OH2+TiCl4
82   1.087955e-01 -367.950    11.119   26   26.00  0.841   -6.926   5.860  -14.461  -17.374   1.221  -0.527     2.472  -0.253     1.675     -25.580        TiO4C16H36+8C2H6+4ClCH3->8C4H10+4OCH4+TiCl4
66   1.033039e-01 -366.686    22.858   26   26.00  0.790   12.922   9.550    3.755    0.372   1.310  -0.403     2.674  -0.198    -0.383     -19.103          TiO4C16H36+8CH4+4ClCH3->8C3H8+4OCH4+TiCl4
202  1.001999e-01 -367.641    62.588   46   20.67  0.746   -4.099  -7.801    4.085    1.152   1.904  -1.009     3.125  -1.087    -0.383     -58.503       3TiO4C16H36+12ClCH3->16C3H8+4OCH4+8OC+3TiCl4
62   9.789762e-02 -369.679    -6.392   26   26.00  0.903  -52.253   6.225  -58.095  -60.563   1.282  -0.687     2.145  -0.272    -0.383     -51.703           TiO4C16H36+8C2H6+4ClH->8C4H10+4OH2+TiCl4
54   9.516628e-02 -368.541    56.800   18   22.00  0.779  -34.699   2.580  -36.896  -38.964   0.925  -1.482     3.328  -0.703    -0.383     -93.696           TiO4C16H36+2C5H12+4ClH->8C3H8+2O2C+TiCl4
61   9.448823e-02 -368.357     1.580   26   26.00  0.927  -23.591   3.210  -26.418  -28.751   1.263  -0.645     1.978  -0.263    -0.383     -27.998        TiO4C16H36+8C2H6+4ClCH3->8C4H10+4OCH4+TiCl4
205  9.427150e-02 -368.762    64.632   46   20.67  0.726  -20.001  -2.742  -16.876  -19.279   1.606  -1.484     3.227  -0.946    -0.383     -81.508          3TiO4C16H36+12ClH->20C2H6+4O2C+4OC+3TiCl4
70   9.248397e-02 -369.392     1.566   26   26.00  0.937  -34.548   9.040  -46.669  -49.667   1.324  -0.555     2.502  -0.273     3.081     -48.235           TiO4C16H36+8C3H8+4ClH->8C5H12+4OH2+TiCl4
271  9.144838e-02 -367.669    61.434  110   21.43  0.748  -20.706  -9.204  -11.119  -13.890   1.803  -1.037     3.188  -1.183    -0.383     -72.553       7TiO4C16H36+28ClCH3->40C3H8+8OH2+20OC+7TiCl4
86   8.471253e-02 -368.070     9.539   26   26.00  0.960   -5.886   6.024  -14.991  -17.854   1.305  -0.513     2.335  -0.264     3.081     -24.530        TiO4C16H36+8C3H8+4ClCH3->8C5H12+4OCH4+TiCl4
60   6.160968e-02 -366.567    56.362   20   24.00  0.765 -105.700   7.698 -113.015 -114.376   0.188  -1.291     3.302  -0.838    -0.383    -169.377            TiO4C16H36+3H2+4ClCH3->9C2H6+2O2C+TiCl4
85   5.965450e-02 -367.247   -19.705   26   26.00  1.071  -47.029  -0.880  -45.766  -47.012   1.492  -0.868     0.937  -0.315    -0.383     -26.061        TiO4C16H36+8C3H8+4ClCH3->8C5H12+4OCH4+TiCl4
72   5.467400e-02 -366.803    47.582   26   26.00  0.738 -119.297  38.956 -157.870 -161.823   0.503  -0.004     3.699  -0.245    -0.383    -205.452              TiO4C16H36+8H2+4ClH->8C2H6+4OH2+TiCl4
87   5.249058e-02 -368.569   -27.677   26   26.00  1.050  -75.691   2.136  -77.444  -78.824   1.511  -0.910     1.104  -0.325    -0.383     -49.767           TiO4C16H36+8C3H8+4ClH->8C5H12+4OH2+TiCl4
261  4.661692e-02 -368.908    48.960   90   26.00  0.776   31.969 -35.351   67.703   65.909   2.806  -1.726     2.257  -1.543    -0.383      18.743      5TiO4C16H36+20ClCH3->24H2+16C5H12+20OC+5TiCl4
71   4.238225e-02 -368.181    49.404   22   26.00  0.806  -45.117   0.873  -44.578  -46.179   0.984  -1.567     2.899  -0.715    -1.412     -93.982          TiO4C16H36+4C4H10+4ClH->10C3H8+2O2C+TiCl4
283  4.224156e-02 -367.223    59.192  134   24.86  0.761  -77.973  -6.989  -70.601  -71.058   0.364  -1.931     3.066  -1.042    -0.383    -129.793     7TiO4C16H36+12OH2+28ClCH3->60C2H6+20O2C+7TiCl4
263  3.667732e-02 -370.410    56.468   90   26.00  0.734   74.601 -33.171  108.155  105.568   3.396  -1.813     2.423  -1.419    -0.383      51.687        5TiO4C16H36+20ClH->28H2+12C5H12+20OC+5TiCl4
73   3.514973e-02 -365.481    55.554   26   26.00  0.767  -90.635  35.941 -126.193 -130.012   0.484   0.039     3.532  -0.236    -0.383    -181.747           TiO4C16H36+8H2+4ClCH3->8C2H6+4OCH4+TiCl4
56   3.230927e-02 -369.027    77.488   16   22.00  0.722   27.015  -4.967   32.365   28.646   2.544  -1.134     3.385  -1.076    -0.383     -45.123              TiO4C16H36+4ClH->6C2H6+OCH4+3OC+TiCl4
84   3.218056e-02 -367.978    54.173   22   26.00  0.829  -36.784   2.198  -38.599  -40.489   0.963  -1.508     3.145  -0.710    -0.383     -92.772          TiO4C16H36+4C4H10+4ClH->10C3H8+2O2C+TiCl4
265  2.810881e-02 -369.237    60.657   90   26.00  0.752   48.427 -32.589   80.013   77.573   2.731  -1.584     2.816  -1.523     1.003      19.356      5TiO4C16H36+20ClCH3->24H2+16C5H12+20OC+5TiCl4
81   2.707546e-02 -369.293    60.716   18   26.00  0.765   31.621 -30.955   62.959   60.657   2.652  -1.592     2.767  -1.525    -0.383       2.243            TiO4C16H36+4ClCH3->4H2+4C4H10+4OC+TiCl4
92   2.665862e-02 -366.545     8.889   30   30.00  0.810  -40.949   8.979  -49.545  -52.472   0.809  -0.350     2.782  -0.314    -0.383     -58.434         TiO4C16H36+10CH4+4ClCH3->10C3H8+4OH2+TiCl4
257  2.589389e-02 -369.057    77.937   82   22.80  0.724   15.499  -6.289   22.171   18.560   2.492  -1.166     3.450  -1.165    -0.383     -55.766         5TiO4C16H36+20ClH->32C2H6+4OH2+16OC+5TiCl4
264  2.373793e-02 -370.657    65.241   90   26.00  0.720   86.944 -31.100  117.388  114.317   3.340  -1.707     2.842  -1.404     0.656      52.147        5TiO4C16H36+20ClH->28H2+12C5H12+20OC+5TiCl4
78   2.322377e-02 -370.698    65.285   18   26.00  0.727   74.339 -29.874  104.596  101.627   3.281  -1.713     2.806  -1.405    -0.383      39.311              TiO4C16H36+4ClH->5H2+3C4H10+4OC+TiCl4
103  2.268477e-02 -368.124    -5.785   30   30.00  0.887  -65.760   4.367  -72.317  -74.656   0.698  -0.505     2.529  -0.383     2.190     -66.532       TiO4C16H36+10C2H6+4ClCH3->10C4H10+4OH2+TiCl4
77   2.215644e-02 -369.089    65.485   18   26.00  0.740   39.953 -29.629   68.936   66.344   2.631  -1.533     3.014  -1.520     0.646       3.451            TiO4C16H36+4ClCH3->4H2+4C4H10+4OC+TiCl4
76   1.957082e-02 -370.546    68.862   18   26.00  0.712   80.589 -28.880  109.080  105.894   3.265  -1.669     2.991  -1.401     0.389      40.218              TiO4C16H36+4ClH->5H2+3C4H10+4OC+TiCl4
93   1.900711e-02 -366.076    19.148   26   30.00  0.900 -132.066 -12.334 -119.349 -118.875  -0.318  -1.494     2.371  -1.033    -0.383    -138.497         TiO4C16H36+10ClCH3->6C4H10+2O2C+TiCl4+6ClH
269  1.860351e-02 -367.219    56.847  106   27.60  0.775 -114.738  -9.248 -105.107 -104.994   0.010  -2.089     3.165  -1.199    -0.383    -161.954    5TiO4C16H36+12OCH4+20ClCH3->48C2H6+16O2C+5TiCl4
100  1.840383e-02 -365.771    26.302   26   30.00  0.851 -119.567 -10.346 -110.382 -110.343  -0.349  -1.406     2.741  -1.025     1.161    -136.684         TiO4C16H36+10ClCH3->6C4H10+2O2C+TiCl4+6ClH
98   1.569700e-02 -368.275    -7.760   30   30.00  1.060  -64.459   4.572  -72.978  -75.256   0.803  -0.487     2.358  -0.396     3.947     -65.218       TiO4C16H36+10C3H8+4ClCH3->10C5H12+4OH2+TiCl4
94   1.539088e-02 -368.633   -17.708   30   30.00  1.012  -86.591   1.053  -87.261  -88.878   0.750  -0.651     1.913  -0.395    -0.383     -69.553       TiO4C16H36+10C2H6+4ClCH3->10C4H10+4OH2+TiCl4
83   1.491021e-02 -368.259    71.812   18   26.00  0.744  -27.597 -19.085   -8.129  -10.304   2.246  -1.427     2.917  -1.561    -0.383     -79.941           TiO4C16H36+4ClCH3->6CH4+2C5H12+4OC+TiCl4
232  1.350859e-02 -368.433    73.304   54   26.00  0.745   25.479 -24.645   50.507   47.831   2.497  -1.438     3.129  -1.512    -0.383     -22.797        3TiO4C16H36+12ClCH3->8H2+16C3H8+12OC+3TiCl4
75   1.335863e-02 -370.053    74.726   18   26.00  0.715   69.733 -25.141   95.257   92.010   3.164  -1.598     3.077  -1.396    -0.383      20.531               TiO4C16H36+4ClH->4H2+4C3H8+4OC+TiCl4
231  1.056425e-02 -368.588    77.110   54   26.00  0.742  -21.211 -17.961   -2.867   -5.339   2.206  -1.371     3.183  -1.546    -0.383     -79.977      3TiO4C16H36+12ClCH3->16CH4+8C4H10+12OC+3TiCl4
91   1.005726e-02 -365.038    49.759   30   30.00  0.775 -170.396  41.967 -211.980 -215.454  -0.223   0.203     3.855  -0.361    -0.383    -261.739          TiO4C16H36+10H2+4ClCH3->10C2H6+4OH2+TiCl4
67   9.364614e-03 -368.465    79.123   18   26.00  0.735  -17.311 -17.358   -0.436   -3.015   2.200  -1.339     3.266  -1.548     0.483     -79.559           TiO4C16H36+4ClCH3->6CH4+2C5H12+4OC+TiCl4
229  8.741437e-03 -368.452    80.290   54   26.00  0.730  -15.656 -17.078    1.119   -1.546   2.192  -1.332     3.348  -1.543     0.303     -79.171      3TiO4C16H36+12ClCH3->16CH4+8C4H10+12OC+3TiCl4
88   7.522698e-03 -369.653    83.128   18   26.00  0.710    5.107 -14.194   19.684   16.652   2.743  -1.465     3.193  -1.439    -0.383     -63.444              TiO4C16H36+4ClH->7CH4+C5H12+4OC+TiCl4
63   7.376956e-03 -368.119    82.452   18   26.00  0.735  -12.609 -16.477    4.251    1.541   2.201  -1.311     3.351  -1.531    -0.383     -78.201            TiO4C16H36+4ClCH3->4CH4+4C3H8+4OC+TiCl4
228  6.185521e-03 -369.817    85.778   54   26.00  0.709    8.300 -13.632   22.315   19.135   2.723  -1.437     3.326  -1.432    -0.383     -63.463        3TiO4C16H36+12ClH->20CH4+4C4H10+12OC+3TiCl4
74   6.080089e-03 -369.620    85.526   18   26.00  0.722   49.198 -17.600   67.181   63.656   2.989  -1.457     3.388  -1.395    -0.383     -18.345               TiO4C16H36+4ClH->2H2+6C2H6+4OC+TiCl4
64   5.759566e-03 -369.756    86.784   18   26.00  0.707   10.250 -13.331   23.531   20.298   2.720  -1.421     3.367  -1.433     0.050     -63.253              TiO4C16H36+4ClH->7CH4+C5H12+4OC+TiCl4
230  5.521555e-03 -369.749    87.367   54   26.00  0.706   11.077 -13.190   24.307   21.031   2.716  -1.418     3.408  -1.430    -0.040     -63.060        3TiO4C16H36+12ClH->20CH4+4C4H10+12OC+3TiCl4
101  5.143981e-03 -367.245   -44.315   30   30.00  1.214 -115.889  -4.059 -111.447 -111.705   1.037  -0.930     0.612  -0.461    -0.383     -67.132       TiO4C16H36+10C3H8+4ClCH3->10C5H12+4OH2+TiCl4
65   5.060429e-03 -369.583    88.449   18   26.00  0.707   12.601 -12.890   25.874   22.575   2.721  -1.407     3.410  -1.425    -0.383     -62.575              TiO4C16H36+4ClH->6CH4+2C3H8+4OC+TiCl4
79   4.691330e-03 -367.855    87.703   18   26.00  0.756   -1.901 -14.589   13.071   10.025   2.263  -1.250     3.544  -1.511    -0.383     -74.632                 TiO4C16H36+4ClCH3->8C2H6+4OC+TiCl4
69   4.059852e-03 -369.451    91.074   18   26.00  0.711   17.955 -11.946   30.284   26.817   2.752  -1.377     3.506  -1.414    -0.383     -60.790              TiO4C16H36+4ClH->4CH4+4C2H6+4OC+TiCl4
241  8.555496e-04 -369.044    96.795   62   28.67  0.757   28.228 -10.100   39.288   35.510   2.794  -1.318     3.692  -1.390    -0.960     -57.507       3TiO4C16H36+4C5H12+12ClH->28C2H6+12OC+3TiCl4
240  5.512309e-04 -369.181   101.669   62   28.67  0.761   35.085  -8.949   44.417   40.370   2.762  -1.259     3.925  -1.381    -0.383     -57.252       3TiO4C16H36+4C5H12+12ClH->28C2H6+12OC+3TiCl4
99   4.945047e-04 -369.003    96.634   22   30.00  0.763   28.271 -10.080   39.248   35.495   2.805  -1.315     3.653  -1.390    -0.897     -57.386           TiO4C16H36+2C4H10+4ClH->10C2H6+4OC+TiCl4
95   3.958031e-04 -368.901    99.019   22   30.00  0.769   32.437  -9.417   42.237   38.340   2.794  -1.286     3.777  -1.388    -0.383     -56.782           TiO4C16H36+2C4H10+4ClH->10C2H6+4OC+TiCl4
119  9.757688e-05 -371.046    94.445   26   34.00  0.724   37.810  -9.303   47.496   43.608   3.240  -1.503     3.469  -1.318    -0.383     -46.949             TiO4C16H36+8ClH->8CH4+4OC+TiCl4+4ClCH3
137  2.650336e-07 -370.484   130.738   26   38.00  0.709   74.888 -25.752  101.023   95.961   4.470  -1.216     3.925  -2.117    -0.383     -29.715              TiO4C16H36+2O2C+4ClH->10CH4+8OC+TiCl4




---------------------------------------------------------------------
10 reactions with the worst weights:
---------------------------------------------------------------------
           weight      dfH  drE_corr  dn  n+|dn|      u      drH    ddrH      drE  drE_CBS  drE_CV  drE_IT  drE_TPNO  drE_SR  ddrHconf  drE_HF_CBS                                      reaction
137  2.650336e-07 -370.484   130.738  26   38.00  0.709   74.888 -25.752  101.023   95.961   4.470  -1.216     3.925  -2.117    -0.383     -29.715         TiO4C16H36+2O2C+4ClH->10CH4+8OC+TiCl4
119  9.757688e-05 -371.046    94.445  26   34.00  0.724   37.810  -9.303   47.496   43.608   3.240  -1.503     3.469  -1.318    -0.383     -46.949        TiO4C16H36+8ClH->8CH4+4OC+TiCl4+4ClCH3
95   3.958031e-04 -368.901    99.019  22   30.00  0.769   32.437  -9.417   42.237   38.340   2.794  -1.286     3.777  -1.388    -0.383     -56.782      TiO4C16H36+2C4H10+4ClH->10C2H6+4OC+TiCl4
99   4.945047e-04 -369.003    96.634  22   30.00  0.763   28.271 -10.080   39.248   35.495   2.805  -1.315     3.653  -1.390    -0.897     -57.386      TiO4C16H36+2C4H10+4ClH->10C2H6+4OC+TiCl4
240  5.512309e-04 -369.181   101.669  62   28.67  0.761   35.085  -8.949   44.417   40.370   2.762  -1.259     3.925  -1.381    -0.383     -57.252  3TiO4C16H36+4C5H12+12ClH->28C2H6+12OC+3TiCl4
241  8.555496e-04 -369.044    96.795  62   28.67  0.757   28.228 -10.100   39.288   35.510   2.794  -1.318     3.692  -1.390    -0.960     -57.507  3TiO4C16H36+4C5H12+12ClH->28C2H6+12OC+3TiCl4
69   4.059852e-03 -369.451    91.074  18   26.00  0.711   17.955 -11.946   30.284   26.817   2.752  -1.377     3.506  -1.414    -0.383     -60.790         TiO4C16H36+4ClH->4CH4+4C2H6+4OC+TiCl4
79   4.691330e-03 -367.855    87.703  18   26.00  0.756   -1.901 -14.589   13.071   10.025   2.263  -1.250     3.544  -1.511    -0.383     -74.632            TiO4C16H36+4ClCH3->8C2H6+4OC+TiCl4
65   5.060429e-03 -369.583    88.449  18   26.00  0.707   12.601 -12.890   25.874   22.575   2.721  -1.407     3.410  -1.425    -0.383     -62.575         TiO4C16H36+4ClH->6CH4+2C3H8+4OC+TiCl4
101  5.143981e-03 -367.245   -44.315  30   30.00  1.214 -115.889  -4.059 -111.447 -111.705   1.037  -0.930     0.612  -0.461    -0.383     -67.132  TiO4C16H36+10C3H8+4ClCH3->10C5H12+4OH2+TiCl4




---------------------------------------------------------------------
10 reactions with the worst dHf:
---------------------------------------------------------------------
           weight      dfH  drE_corr  dn  n+|dn|      u     drH    ddrH      drE  drE_CBS  drE_CV  drE_IT  drE_TPNO  drE_SR  ddrHconf  drE_HF_CBS                                     reaction
119  9.757688e-05 -371.046    94.445  26    34.0  0.724  37.810  -9.303   47.496   43.608   3.240  -1.503     3.469  -1.318    -0.383     -46.949       TiO4C16H36+8ClH->8CH4+4OC+TiCl4+4ClCH3
78   2.322377e-02 -370.698    65.285  18    26.0  0.727  74.339 -29.874  104.596  101.627   3.281  -1.713     2.806  -1.405    -0.383      39.311        TiO4C16H36+4ClH->5H2+3C4H10+4OC+TiCl4
264  2.373793e-02 -370.657    65.241  90    26.0  0.720  86.944 -31.100  117.388  114.317   3.340  -1.707     2.842  -1.404     0.656      52.147  5TiO4C16H36+20ClH->28H2+12C5H12+20OC+5TiCl4
76   1.957082e-02 -370.546    68.862  18    26.0  0.712  80.589 -28.880  109.080  105.894   3.265  -1.669     2.991  -1.401     0.389      40.218        TiO4C16H36+4ClH->5H2+3C4H10+4OC+TiCl4
137  2.650336e-07 -370.484   130.738  26    38.0  0.709  74.888 -25.752  101.023   95.961   4.470  -1.216     3.925  -2.117    -0.383     -29.715        TiO4C16H36+2O2C+4ClH->10CH4+8OC+TiCl4
263  3.667732e-02 -370.410    56.468  90    26.0  0.734  74.601 -33.171  108.155  105.568   3.396  -1.813     2.423  -1.419    -0.383      51.687  5TiO4C16H36+20ClH->28H2+12C5H12+20OC+5TiCl4
75   1.335863e-02 -370.053    74.726  18    26.0  0.715  69.733 -25.141   95.257   92.010   3.164  -1.598     3.077  -1.396    -0.383      20.531         TiO4C16H36+4ClH->4H2+4C3H8+4OC+TiCl4
228  6.185521e-03 -369.817    85.778  54    26.0  0.709   8.300 -13.632   22.315   19.135   2.723  -1.437     3.326  -1.432    -0.383     -63.463  3TiO4C16H36+12ClH->20CH4+4C4H10+12OC+3TiCl4
64   5.759566e-03 -369.756    86.784  18    26.0  0.707  10.250 -13.331   23.531   20.298   2.720  -1.421     3.367  -1.433     0.050     -63.253        TiO4C16H36+4ClH->7CH4+C5H12+4OC+TiCl4
230  5.521555e-03 -369.749    87.367  54    26.0  0.706  11.077 -13.190   24.307   21.031   2.716  -1.418     3.408  -1.430    -0.040     -63.060  3TiO4C16H36+12ClH->20CH4+4C4H10+12OC+3TiCl4
