---------------------------------------------------------------------
Results for m1_00_TiOiPr4-PBE0-D3-TZ_TiO2.all 

Average dfH = -352.04 

Uncertainty = 5.16
Computational contribution = 0.77
Experimental contribution = 5.1
---------------------------------------------------------------------
Number of reactions with all coeficients ≤  10 : 122  of  146
Parameters:
h1 = 8.24 
h2 = 23.0 

Summ of all weights = 53.69
---------------------------------------------------------------------
Average values and MSE of reaction characteristics:

                      Mean       St dev
          dfH      -352.04         0.39
     drE_corr        -6.15        11.47
    n+dn_priv        11.99         2.23
          drH       112.44        22.23
         ddrH        -3.15         7.22
          drE       115.80        27.23
      drE_CBS       121.12        27.04
       drE_IT        -2.17         0.26
       drE_CV        -0.75         0.42
       drE_SR        -3.61         0.21
   drE_HF_CBS       121.95        23.34
     ddrHconf        -0.21         0.44
          u/2         2.55         0.00


---------------------------------------------------------------------
122 reactions with the best weights:
---------------------------------------------------------------------
           weight      dfH  drE_corr  dn  n+|dn|      u      drH    ddrH      drE  drE_CBS  drE_CV  drE_IT  drE_TPNO  drE_SR  ddrHconf  drE_HF_CBS                                 reaction
1    1.000000e+00 -352.224    -4.938   6   10.00  5.102  136.992  -3.789  140.430  145.229  -0.403  -2.016     1.217  -3.597     0.351     145.368          TiO4C12H28->2C5H12+OCH4+OC+TiO2
118  9.980976e-01 -352.280     0.089  26   11.00  5.101  137.242  -5.098  142.211  146.963  -0.354  -2.065     1.342  -3.675     0.129     142.122     4TiO4C12H28->10C4H10+3OCH4+5OC+4TiO2
119  9.816873e-01 -352.407    -2.892  26   11.00  5.103  132.034  -5.926  138.475  143.408  -0.341  -2.102     1.188  -3.678    -0.515     141.367     4TiO4C12H28->10C4H10+3OCH4+5OC+4TiO2
103  9.733779e-01 -352.307    -1.133  20   11.33  5.101  127.541  -5.773  133.142  137.986  -0.420  -2.076     1.374  -3.722     0.172     134.275       3TiO4C12H28->8C4H10+2OH2+4OC+3TiO2
102  9.412915e-01 -352.443    -4.313  20   11.33  5.103  121.986  -6.656  129.157  134.196  -0.406  -2.116     1.209  -3.726    -0.515     133.470       3TiO4C12H28->8C4H10+2OH2+4OC+3TiO2
101  9.198640e-01 -351.707    -5.567  22   11.33  5.102   94.645  -0.942   96.102  101.813  -1.128  -2.280     1.269  -3.572    -0.515     101.669       3TiO4C12H28+2H2->11C3H8+3O2C+3TiO2
129  9.160595e-01 -351.853    -4.727  36   11.60  5.102  100.773  -4.243  105.531  111.449  -1.090  -2.427     1.219  -3.620    -0.515     110.258      5TiO4C12H28+2OH2->18C3H8+6O2C+5TiO2
59   9.102267e-01 -352.011     2.718  14   12.00  5.102  119.739  -6.199  126.453  131.730  -0.616  -2.263     1.343  -3.741    -0.515     123.735         2TiO4C12H28->7C3H8+O2C+2OC+2TiO2
7    8.840118e-01 -352.035    -9.477   6   10.00  5.101  101.882  -3.434  105.316  111.067  -1.060  -2.327     1.212  -3.576     0.000     114.793         TiO4C12H28->C3H8+2C4H10+O2C+TiO2
3    8.826796e-01 -351.958    -9.519   6   10.00  5.101  101.816  -3.424  105.322  111.106  -1.054  -2.325     1.171  -3.576    -0.082     114.841         TiO4C12H28->2C3H8+C5H12+O2C+TiO2
52   8.815665e-01 -352.081    -9.554  12   10.00  5.101  101.980  -3.429  105.280  111.019  -1.058  -2.327     1.223  -3.577     0.129     114.834      2TiO4C12H28->C2H6+5C4H10+2O2C+2TiO2
94   8.751552e-01 -352.030    -9.754  18   10.00  5.101  102.034  -3.403  105.230  111.001  -1.044  -2.324     1.175  -3.578     0.207     114.984     3TiO4C12H28->4C2H6+5C5H12+3O2C+3TiO2
121  8.682139e-01 -351.852    -5.691  30   12.00  5.102   93.190  -4.629   98.334  104.358  -1.161  -2.449     1.234  -3.648    -0.515     104.025     4TiO4C12H28+2OCH4->15C3H8+5O2C+4TiO2
87   8.665956e-01 -352.119   -10.017  18   10.00  5.101  101.121  -3.584  104.533  110.296  -1.063  -2.332     1.211  -3.579     0.172     114.550       3TiO4C12H28->CH4+8C4H10+3O2C+3TiO2
12   8.658989e-01 -352.215    -5.778   8   12.00  5.104  107.091  -2.581  109.157  114.676  -1.090  -2.285     1.426  -3.570     0.515     114.935        TiO4C12H28+C5H12->4C4H10+O2C+TiO2
113  8.353787e-01 -352.158   -10.943  24   10.00  5.101  104.596  -4.369  108.772  114.540  -1.035  -2.345     1.190  -3.578     0.193     119.715       4TiO4C12H28->H2+11C4H10+4O2C+4TiO2
58   8.271912e-01 -351.538    -9.958  18   11.00  5.102  109.513  10.693   98.691  103.201  -0.910  -1.662     1.338  -3.276     0.129     108.649      2TiO4C12H28+5H2->5C4H10+4OCH4+2TiO2
6    8.266763e-01 -352.131   -11.184   6   10.00  5.102   99.465  -3.865  102.979  108.828  -1.055  -2.339     1.129  -3.584     0.351     114.163          TiO4C12H28->CH4+2C5H12+O2C+TiO2
14   8.214153e-01 -351.785    -7.855   8   12.00  5.102  104.167  -2.984  107.666  113.385  -1.054  -2.311     1.214  -3.568    -0.515     115.521           TiO4C12H28+CH4->4C3H8+O2C+TiO2
109  8.212399e-01 -351.128    -5.071  32   12.67  5.102  100.466  13.808   87.173   91.631  -0.994  -1.603     1.410  -3.271    -0.515      92.244     3TiO4C12H28+10H2->10C3H8+6OCH4+3TiO2
8    8.026534e-01 -352.137   -11.861   6   10.00  5.102   97.716  -4.097  102.328  108.225  -1.050  -2.356     1.088  -3.579    -0.515     114.189         TiO4C12H28->C3H8+2C4H10+O2C+TiO2
0    7.882762e-01 -352.018   -12.249   6   10.00  5.103  126.706  -5.515  132.736  137.939  -0.356  -2.105     0.868  -3.610    -0.515     144.985          TiO4C12H28->2C5H12+OCH4+OC+TiO2
11   7.797980e-01 -352.112    -9.434   8   12.00  5.103  101.948  -3.444  105.310  111.031  -1.067  -2.329     1.252  -3.577     0.082     114.744        TiO4C12H28+C5H12->4C4H10+O2C+TiO2
53   7.777850e-01 -352.208   -12.535  12   10.00  5.103   96.772  -4.257  101.544  107.464  -1.045  -2.364     1.069  -3.580    -0.515     114.079      2TiO4C12H28->C2H6+5C4H10+2O2C+2TiO2
5    7.617554e-01 -351.630   -12.975   8   10.00  5.102  114.808   8.843  105.614  110.219  -0.847  -1.694     1.214  -3.278     0.351     118.589        TiO4C12H28+2H2->2C5H12+2OCH4+TiO2
111  7.566060e-01 -352.117     8.324  22   12.67  5.101  137.439  -7.246  145.200  149.981  -0.253  -2.140     1.415  -3.803    -0.515     136.876       3TiO4C12H28->10C3H8+OCH4+5OC+3TiO2
2    7.545576e-01 -351.855   -13.175   6   10.00  5.101   96.673  -4.287  101.475  107.460  -1.031  -2.369     0.997  -3.582    -0.515     114.650         TiO4C12H28->2C3H8+C5H12+O2C+TiO2
91   7.531398e-01 -352.254   -13.197  18   10.00  5.103   95.566  -4.468  100.549  106.506  -1.049  -2.371     1.046  -3.583    -0.515     113.746       3TiO4C12H28->CH4+8C4H10+3O2C+3TiO2
136  7.465461e-01 -352.124     8.036  52   12.86  5.102  133.287  -7.596  141.398  146.219  -0.278  -2.147     1.431  -3.827    -0.515     133.362      7TiO4C12H28->24C3H8+2OH2+12OC+7TiO2
17   7.464969e-01 -352.419   -10.548   8   12.00  5.107   98.759  -3.906  103.180  108.987  -1.069  -2.343     1.180  -3.575    -0.515     113.728        TiO4C12H28+C5H12->4C4H10+O2C+TiO2
130  7.411326e-01 -352.080   -13.894  38    8.86  5.102  111.675  -2.047  113.309  118.819  -0.932  -2.184     1.100  -3.494     0.413     127.203    7TiO4C12H28->15C5H12+5O2C+4OCH4+7TiO2
57   7.267806e-01 -351.665   -12.939  18   11.00  5.103  104.305   9.864   94.956   99.647  -0.897  -1.699     1.184  -3.279    -0.515     107.895      2TiO4C12H28+5H2->5C4H10+4OCH4+2TiO2
112  7.141743e-01 -352.298   -14.222  24   10.00  5.103   98.867  -5.280  104.662  110.629  -1.021  -2.385     1.020  -3.581    -0.515     118.884       4TiO4C12H28->H2+11C4H10+4O2C+4TiO2
122  7.129173e-01 -352.260   -14.262  30   10.00  5.102  110.422  -6.403  116.387  122.259  -0.966  -2.380     1.054  -3.580     0.438     130.649      5TiO4C12H28->4H2+11C5H12+5O2C+5TiO2
25   7.101952e-01 -352.817     3.099   8   14.00  5.102  159.175 -16.422  175.246  180.238   0.042  -2.338     1.220  -3.916     0.351     172.147          TiO4C12H28->2H2+2C5H12+2OC+TiO2
124  7.096566e-01 -352.045   -14.354  32   10.00  5.101   94.740  -2.328   96.862  102.804  -1.238  -2.352     1.159  -3.511     0.206     111.216      5TiO4C12H28+2OC->14C4H10+6O2C+5TiO2
79   7.096074e-01 -352.852     3.136  16   14.00  5.103  148.672 -15.400  164.587  169.665  -0.008  -2.343     1.190  -3.917    -0.515     161.451        2TiO4C12H28->3H2+5C4H10+4OC+2TiO2
23   6.990812e-01 -352.612    -4.212   8   14.00  5.103  148.890 -18.148  167.553  172.949   0.089  -2.427     0.871  -3.929    -0.515     171.765          TiO4C12H28->2H2+2C5H12+2OC+TiO2
78   6.856699e-01 -352.341     5.310  16   14.00  5.102  124.070 -11.370  135.955  141.193  -0.145  -2.303     1.146  -3.936    -0.515     130.645       2TiO4C12H28->5CH4+3C5H12+4OC+2TiO2
105  6.772642e-01 -352.090   -15.510  22    9.00  5.102  103.121  -2.401  105.062  110.679  -1.010  -2.198     1.112  -3.521     0.460     120.572      4TiO4C12H28->9C5H12+3O2C+2OH2+4TiO2
81   6.741014e-01 -352.725     6.116  16   14.00  5.101  153.880 -14.572  168.323  173.221  -0.021  -2.307     1.344  -3.914     0.129     162.207        2TiO4C12H28->3H2+5C4H10+4OC+2TiO2
95   6.514226e-01 -351.858   -15.847  18   10.00  5.102   93.462  -4.842   98.819  104.927  -1.005  -2.398     0.884  -3.589    -0.515     114.666     3TiO4C12H28->4C2H6+5C5H12+3O2C+3TiO2
16   6.291643e-01 -352.316   -14.203   8   12.00  5.107   93.616  -4.769   99.333  105.344  -1.046  -2.388     1.005  -3.582    -0.948     113.536        TiO4C12H28+C5H12->4C4H10+O2C+TiO2
31   6.165049e-01 -351.851    -9.167  10   14.00  5.104  101.490  -3.456  105.461  111.265  -1.069  -2.327     1.165  -3.573    -0.515     114.628         TiO4C12H28+2C2H6->5C3H8+O2C+TiO2
27   6.144974e-01 -352.588     9.283   8   14.00  5.102  128.860 -10.528  139.903  144.918  -0.175  -2.261     1.346  -3.925    -0.515     130.620         TiO4C12H28->2CH4+2C4H10+2OC+TiO2
28   6.038360e-01 -350.978    -9.769  12   14.00  5.102   64.008  15.564   48.959   53.635  -1.318  -1.544     1.520  -3.334    -0.515      58.728          TiO4C12H28+4H2->4C3H8+2OH2+TiO2
84   5.911517e-01 -351.310     4.332  22   15.00  5.102   75.821   5.971   70.365   75.820  -1.288  -2.150     1.555  -3.572    -0.515      66.033       2TiO4C12H28+5H2->11C2H6+2O2C+2TiO2
15   5.815541e-01 -351.471   -15.633  10   12.00  5.102   74.864  11.826   62.781   67.522  -1.218  -1.616     1.433  -3.340     0.257      78.414         TiO4C12H28+3H2->3C4H10+2OH2+TiO2
80   5.805030e-01 -352.496    10.793  16   14.00  5.101  131.785 -10.076  141.726  146.660  -0.180  -2.236     1.408  -3.926     0.135     130.933       2TiO4C12H28->5CH4+3C5H12+4OC+2TiO2
125  5.792497e-01 -352.187   -17.693  32   10.00  5.103   88.907  -3.256   92.678   98.824  -1.224  -2.394     0.986  -3.514    -0.515     110.371      5TiO4C12H28+2OC->14C4H10+6O2C+5TiO2
115  5.755023e-01 -352.315    11.003  24   14.00  5.101  144.833 -11.457  156.805  161.650  -0.105  -2.247     1.416  -3.909    -0.515     145.802        3TiO4C12H28->2H2+10C3H8+6OC+3TiO2
22   5.593334e-01 -352.486    11.668   8   14.00  5.101  133.026  -9.865  142.891  147.761  -0.186  -2.231     1.469  -3.922     0.000     131.223         TiO4C12H28->2CH4+2C4H10+2OC+TiO2
117  5.528098e-01 -352.173    11.931  24   14.00  5.101  134.777  -9.497  144.789  149.664  -0.138  -2.229     1.407  -3.915    -0.515     132.858     3TiO4C12H28->10C2H6+2C5H12+6OC+3TiO2
9    5.483282e-01 -351.925   -18.495   6   10.00  5.103   89.179  -5.591   95.285  101.537  -1.008  -2.427     0.780  -3.597    -0.515     113.780          TiO4C12H28->CH4+2C5H12+O2C+TiO2
32   5.190145e-01 -352.313    13.256   8   14.00  5.101  136.101  -9.263  145.879  150.679  -0.154  -2.215     1.481  -3.912    -0.515     132.623         TiO4C12H28->3C2H6+C4H10+2OC+TiO2
19   5.181298e-01 -352.236    13.290   8   14.00  5.101  135.311  -9.415  145.241  150.079  -0.179  -2.216     1.471  -3.914    -0.515     131.951           TiO4C12H28->CH4+3C3H8+2OC+TiO2
126  5.008837e-01 -351.582   -19.254  44   10.80  5.103   81.219   9.606   71.088   75.941  -1.142  -1.654     1.285  -3.342     0.525      90.342    5TiO4C12H28+12H2->12C5H12+10OH2+5TiO2
141  4.909006e-01 -351.856     6.690  72   15.71  5.102   98.927  -6.268  105.710  111.921  -1.142  -2.684     1.357  -3.742    -0.515      99.020    7TiO4C12H28+10OH2->36C2H6+12O2C+7TiO2
114  4.897368e-01 -352.241    14.368  24   14.00  5.101  138.205  -8.922  147.353  152.092  -0.153  -2.199     1.524  -3.911    -0.226     132.985     3TiO4C12H28->10C2H6+2C5H12+6OC+3TiO2
40   4.892082e-01 -350.767     3.928  14   16.00  5.102   83.354  20.093   63.776   68.003  -1.140  -1.485     1.669  -3.271    -0.515      59.848         TiO4C12H28+5H2->5C2H6+2OCH4+TiO2
30   4.876074e-01 -352.262    14.448   8   14.00  5.101  138.184  -8.932  147.373  152.100  -0.159  -2.201     1.543  -3.910    -0.257     132.925         TiO4C12H28->3C2H6+C4H10+2OC+TiO2
21   4.834747e-01 -352.170    14.603   8   14.00  5.101  137.988  -8.943  147.446  152.198  -0.163  -2.200     1.520  -3.909    -0.515     132.843         TiO4C12H28->2C2H6+2C3H8+2OC+TiO2
4    4.806758e-01 -351.425   -20.286   8   10.00  5.104  104.523   7.117   97.921  102.930  -0.801  -1.782     0.865  -3.291    -0.515     118.207        TiO4C12H28+2H2->2C5H12+2OCH4+TiO2
10   4.591306e-01 -351.623   -19.210  10   12.00  5.104   68.614  10.832   58.297   63.255  -1.202  -1.660     1.248  -3.344    -0.515      77.507         TiO4C12H28+3H2->3C4H10+2OH2+TiO2
56   4.447725e-01 -351.952   -20.669  18   11.00  5.103  142.199   2.497  139.134  143.797  -0.626  -1.796     1.027  -3.268     0.568     159.803     2TiO4C12H28+5CH4->5C5H12+4OCH4+2TiO2
131  4.370231e-01 -351.860   -21.727  38    8.86  5.104  100.654  -3.897  105.066  111.009  -0.882  -2.279     0.726  -3.508    -0.515     126.793    7TiO4C12H28->15C5H12+5O2C+4OCH4+7TiO2
110  4.289836e-01 -351.936   -19.211  32   12.67  5.103  144.268   2.848  141.077  145.634  -0.636  -1.788     1.129  -3.262     0.343     160.288   3TiO4C12H28+10CH4->10C4H10+6OCH4+3TiO2
123  4.085991e-01 -352.034   -22.304  30   10.00  5.104   99.107  -8.302  107.924  114.240  -0.915  -2.477     0.670  -3.594    -0.515     130.228      5TiO4C12H28->4H2+11C5H12+5O2C+5TiO2
104  3.676499e-01 -351.859   -23.735  22    9.00  5.104   91.549  -4.343   96.407  102.479  -0.958  -2.298     0.719  -3.535    -0.515     120.142      4TiO4C12H28->9C5H12+3O2C+2OH2+4TiO2
37   3.297768e-01 -352.063    14.955  10   16.00  5.104  137.662  -8.974  147.584  152.356  -0.178  -2.202     1.514  -3.906    -0.948     132.629         TiO4C12H28+C5H12->5C3H8+2OC+TiO2
107  3.117391e-01 -352.106   -23.185  32   12.67  5.105  137.325   1.744  136.096  140.893  -0.618  -1.837     0.924  -3.266    -0.515     159.281   3TiO4C12H28+10CH4->10C4H10+6OCH4+3TiO2
48   3.110754e-01 -350.545     1.031  16   18.00  5.103   43.473  23.106   20.882   25.281  -1.494  -1.403     1.831  -3.333    -0.515      19.851          TiO4C12H28+6H2->6C2H6+2OH2+TiO2
35   3.007015e-01 -351.520   -16.507  14   16.00  5.104  148.077   3.599  144.993  149.493  -0.624  -1.762     1.133  -3.247    -0.515     161.500        TiO4C12H28+5CH4->5C3H8+2OCH4+TiO2
49   2.987620e-01 -351.853     4.736  12   18.00  5.103   68.289  -8.150   76.954   83.639  -1.437  -2.815     1.440  -3.873    -0.515      72.218        TiO4C12H28+2OCH4->6C2H6+2O2C+TiO2
86   2.964060e-01 -351.889   -25.836  22   10.00  5.103   77.919   0.275   77.148   83.606  -1.638  -2.407     0.943  -3.356     0.496     102.984       3TiO4C12H28+4OC->7C5H12+5O2C+3TiO2
106  2.832558e-01 -352.206   -24.245  32   12.67  5.107  135.778   1.343  133.506  138.363  -0.652  -1.833     0.911  -3.283     0.929     157.751  3TiO4C12H28+10C2H6->10C5H12+6OCH4+3TiO2
39   2.615048e-01 -352.166    18.611  10   16.00  5.104  142.805  -8.111  151.431  156.002  -0.202  -2.158     1.688  -3.899    -0.515     132.820         TiO4C12H28+C5H12->5C3H8+2OC+TiO2
41   2.364260e-01 -351.953    20.003  10   16.00  5.102  127.720  -5.172  133.407  138.021  -0.251  -2.130     1.675  -3.908    -0.515     113.404            TiO4C12H28+H2->5C2H6+2OC+TiO2
128  2.284989e-01 -351.335   -28.027  44   10.80  5.105   68.876   7.535   61.856   67.194  -1.086  -1.760     0.866  -3.358    -0.515      89.883    5TiO4C12H28+12H2->12C5H12+10OH2+5TiO2
50   2.045752e-01 -351.986    14.912  12   18.00  5.105  137.596  -8.964  147.589  152.392  -0.172  -2.200     1.474  -3.905    -1.029     132.677        TiO4C12H28+2C4H10->6C3H8+2OC+TiO2
13   1.989484e-01 -351.968   -28.486  10   12.00  5.104  114.088   1.991  111.313  116.235  -0.876  -1.776     1.060  -3.330     0.784     139.799        TiO4C12H28+3CH4->3C5H12+2OH2+TiO2
20   1.871933e-01 -351.949   -26.736  12   14.00  5.103  116.571   2.412  113.644  118.438  -0.888  -1.766     1.182  -3.322     0.515     140.380        TiO4C12H28+4CH4->4C4H10+2OH2+TiO2
55   1.857513e-01 -351.695   -29.808  18   11.00  5.106  129.342   0.339  129.518  134.686  -0.567  -1.907     0.590  -3.284    -0.515     159.326     2TiO4C12H28+5CH4->5C5H12+4OCH4+2TiO2
51   1.778637e-01 -352.038    17.228  12   18.00  5.103  143.342  -7.999  151.856  156.441  -0.132  -2.170     1.616  -3.899    -0.515     134.628          TiO4C12H28+2CH4->6C2H6+2OC+TiO2
46   1.768566e-01 -351.884    17.297  12   18.00  5.106  141.762  -8.302  150.579  155.238  -0.182  -2.171     1.597  -3.903    -0.515     133.282        TiO4C12H28+2C4H10->6C3H8+2OC+TiO2
34   1.716283e-01 -352.310   -23.844  14   16.00  5.107  135.672   1.293  133.607  138.401  -0.680  -1.839     1.006  -3.281     0.772     157.451      TiO4C12H28+5C2H6->5C4H10+2OCH4+TiO2
54   1.691455e-01 -351.521    -2.604  16   20.00  5.106  114.875  -1.096  116.486  121.868  -0.992  -2.250     1.407  -3.547    -0.515     119.090          TiO4C12H28+5CH4->8C2H6+O2C+TiO2
134  1.583870e-01 -352.235    23.797  48   16.40  5.102  144.570 -10.827  155.912  160.568  -0.002  -2.275     1.644  -4.023    -0.515     132.115      5TiO4C12H28+2OH2->24C2H6+12OC+5TiO2
36   1.562248e-01 -352.385   -24.832  14   16.00  5.115  136.322   1.395  133.277  138.101  -0.627  -1.830     0.921  -3.288     1.650     158.109      TiO4C12H28+5C3H8->5C5H12+2OCH4+TiO2
100  1.351304e-01 -352.250    24.021  20   17.00  5.102  138.812 -11.488  150.815  155.526  -0.029  -2.291     1.677  -4.068    -0.515     126.794       2TiO4C12H28+OCH4->10C2H6+5OC+2TiO2
88   1.122573e-01 -351.648   -34.365  22   10.00  5.104   65.919  -1.738   68.172   75.102  -1.584  -2.511     0.536  -3.371    -0.515     102.537       3TiO4C12H28+4OC->7C5H12+5O2C+3TiO2
24   1.105604e-01 -352.152   -31.505  12   14.00  5.107  108.238   1.087  107.666  112.749  -0.867  -1.825     0.936  -3.327    -0.515     139.171        TiO4C12H28+4CH4->4C4H10+2OH2+TiO2
42   1.097475e-01 -351.449   -23.491  16   18.00  5.105  121.141   3.313  118.343  123.071  -0.875  -1.735     1.187  -3.305    -0.515     141.834         TiO4C12H28+6CH4->6C3H8+2OH2+TiO2
26   9.465331e-02 -352.273   -32.777  12   14.00  5.109  106.383   0.606  104.560  109.715  -0.908  -1.820     0.921  -3.348     1.217     137.337       TiO4C12H28+4C2H6->4C5H12+2OH2+TiO2
33   9.353847e-02 -352.564   -29.806  14   16.00  5.113  125.256  -0.364  126.135  131.292  -0.654  -1.913     0.698  -3.288    -0.515     155.941      TiO4C12H28+5C2H6->5C4H10+2OCH4+TiO2
108  6.995290e-02 -351.863   -36.429  32   12.67  5.110  118.635  -1.534  120.684  126.215  -0.574  -1.981     0.329  -3.305    -0.515     157.113  3TiO4C12H28+10C2H6->10C5H12+6OCH4+3TiO2
127  5.404482e-02 -352.383    30.450  32   18.00  5.102  162.320 -12.601  175.436  179.488   0.441  -2.116     1.756  -4.133    -0.515     144.986      3TiO4C12H28+2O2C->14C2H6+10OC+3TiO2
18   4.859337e-02 -351.659   -39.453  10   12.00  5.107   98.659  -0.598   99.772  105.300  -0.806  -1.909     0.536  -3.349    -0.515     139.225        TiO4C12H28+3CH4->3C5H12+2OH2+TiO2
43   4.329895e-02 -352.397   -32.296  16   18.00  5.109  106.255   0.546  104.680  109.760  -0.941  -1.828     1.035  -3.346     1.029     136.976       TiO4C12H28+6C2H6->6C4H10+2OH2+TiO2
44   3.719228e-02 -352.487   -33.481  16   18.00  5.121  107.035   0.669  104.283  109.399  -0.878  -1.817     0.933  -3.354     2.083     137.764       TiO4C12H28+6C3H8->6C5H12+2OH2+TiO2
47   1.635298e-02 -352.702   -39.450  16   18.00  5.118   93.756  -1.442   95.713  101.228  -0.910  -1.916     0.665  -3.354    -0.515     135.163       TiO4C12H28+6C2H6->6C4H10+2OH2+TiO2
38   1.488832e-02 -351.870   -43.109  14   16.00  5.124  110.607  -2.920  114.042  119.877  -0.510  -2.052     0.048  -3.321    -0.515     157.151      TiO4C12H28+5C3H8->5C5H12+2OCH4+TiO2
63   1.352936e-02 -352.956     3.246  20   26.00  5.158  117.160 -12.336  132.608  137.946  -0.157  -2.359     1.098  -3.920    -3.112     129.362      TiO4C12H28+6C5H12->10C4H10+2OC+TiO2
74   1.166513e-02 -351.190    -9.943  24   26.00  5.110  161.462   5.959  156.018  160.098  -0.547  -1.685     1.374  -3.222    -0.515     165.961      TiO4C12H28+10CH4->10C2H6+2OCH4+TiO2
29   1.030334e-02 -351.861   -47.398  12   14.00  5.114   85.811  -2.846   89.172   95.137  -0.815  -1.998     0.222  -3.374    -0.515     136.570       TiO4C12H28+4C2H6->4C5H12+2OH2+TiO2
62   9.852330e-03 -351.492   -13.122  24   26.00  5.188  156.824   4.757  148.252  152.510  -0.649  -1.673     1.337  -3.273     3.815     161.374   TiO4C12H28+10C4H10->10C5H12+2OCH4+TiO2
64   9.013997e-03 -352.448    15.169  20   26.00  5.135  137.992  -9.023  147.555  152.170  -0.209  -2.212     1.714  -3.908    -0.540     132.386      TiO4C12H28+6C5H12->10C4H10+2OC+TiO2
73   7.753188e-03 -350.343    17.800  24   26.00  5.101    5.245  34.227  -28.467  -24.092  -1.734  -1.286     1.965  -3.320    -0.515     -46.267        TiO4C12H28+10H2->10CH4+2OCH4+TiO2
76   5.119986e-03 -351.850   -23.070  24   26.00  5.121  134.692   1.239  133.968  138.890  -0.702  -1.838     0.891  -3.273    -0.515     157.038     TiO4C12H28+10C2H6->10C3H8+2OCH4+TiO2
72   5.004360e-03 -352.458    23.419  18   26.00  5.101   70.220 -15.577   86.312   94.013  -1.412  -3.464     1.268  -4.093    -0.515      62.893          TiO4C12H28+4OH2->9CH4+3O2C+TiO2
61   4.435816e-03 -352.770   -24.618  24   26.00  5.131  136.652   1.347  133.247  137.913  -0.658  -1.840     1.122  -3.290     2.058     157.865    TiO4C12H28+10C3H8->10C4H10+2OCH4+TiO2
65   4.205207e-03 -352.000   -25.046  24   26.00  5.165  135.992   1.444  133.306  138.289  -0.597  -1.820     0.720  -3.286     1.242     158.352   TiO4C12H28+10C4H10->10C5H12+2OCH4+TiO2
68   4.144810e-03 -353.574    25.178  20   26.00  5.170  148.018  -7.158  155.691  159.817  -0.297  -2.093     2.146  -3.882    -0.515     130.513      TiO4C12H28+6C5H12->10C4H10+2OC+TiO2
75   1.612954e-03 -351.530    33.874  20   26.00  5.101   49.612   8.962   41.165   45.926  -0.844  -1.930     1.970  -3.957    -0.515       7.291           TiO4C12H28+6H2->10CH4+2OC+TiO2
66   1.107844e-03 -353.278   -36.541  24   26.00  5.154  115.820  -1.967  118.302  123.693  -0.606  -1.987     0.505  -3.303    -0.515     154.843    TiO4C12H28+10C3H8->10C4H10+2OCH4+TiO2
69   1.027410e-03 -353.066    37.102  20   26.00  5.147  168.850  -3.844  170.636  174.037  -0.349  -1.946     2.763  -3.869     2.058     133.534      TiO4C12H28+6C5H12->10C4H10+2OC+TiO2
45   9.282925e-04 -351.869   -55.414  16   18.00  5.134   76.177  -4.509   81.201   87.530  -0.738  -2.083    -0.115  -3.393    -0.515     136.615       TiO4C12H28+6C3H8->6C5H12+2OH2+TiO2
67   1.268699e-04 -350.462   -49.677  24   26.00  5.222  105.394  -3.873  109.782  116.062  -0.415  -2.117    -0.410  -3.338    -0.515     159.459   TiO4C12H28+10C4H10->10C5H12+2OCH4+TiO2
77   1.234175e-04 -353.023    50.072  16   26.00  5.101  149.481 -22.143  172.139  177.085   0.517  -2.697     1.756  -4.522    -0.515     122.067           TiO4C12H28+2OH2->8CH4+4OC+TiO2
60   1.042411e-05 -350.971   -61.600  24   26.00  5.199   84.563  -7.187   94.837  101.840  -0.363  -2.263    -1.026  -3.351    -3.087     156.437   TiO4C12H28+10C4H10->10C5H12+2OCH4+TiO2
99   6.978145e-07 -353.310    57.986  20   32.00  5.102  116.162 -28.935  145.612  150.955   0.489  -2.897     1.979  -4.914    -0.515      87.626         TiO4C12H28+3OCH4->10CH4+5OC+TiO2
98   5.912350e-09 -353.588    76.724  20   32.00  5.101  228.742 -28.708  257.965  260.156   2.446  -1.929     2.244  -4.952    -0.515     181.241           TiO4C12H28+3O2C->7CH4+8OC+TiO2




---------------------------------------------------------------------
10 reactions with the worst weights:
---------------------------------------------------------------------
          weight      dfH  drE_corr  dn  n+|dn|      u      drH    ddrH      drE  drE_CBS  drE_CV  drE_IT  drE_TPNO  drE_SR  ddrHconf  drE_HF_CBS                                reaction
98  5.912350e-09 -353.588    76.724  20    32.0  5.101  228.742 -28.708  257.965  260.156   2.446  -1.929     2.244  -4.952    -0.515     181.241          TiO4C12H28+3O2C->7CH4+8OC+TiO2
99  6.978145e-07 -353.310    57.986  20    32.0  5.102  116.162 -28.935  145.612  150.955   0.489  -2.897     1.979  -4.914    -0.515      87.626        TiO4C12H28+3OCH4->10CH4+5OC+TiO2
60  1.042411e-05 -350.971   -61.600  24    26.0  5.199   84.563  -7.187   94.837  101.840  -0.363  -2.263    -1.026  -3.351    -3.087     156.437  TiO4C12H28+10C4H10->10C5H12+2OCH4+TiO2
77  1.234175e-04 -353.023    50.072  16    26.0  5.101  149.481 -22.143  172.139  177.085   0.517  -2.697     1.756  -4.522    -0.515     122.067          TiO4C12H28+2OH2->8CH4+4OC+TiO2
67  1.268699e-04 -350.462   -49.677  24    26.0  5.222  105.394  -3.873  109.782  116.062  -0.415  -2.117    -0.410  -3.338    -0.515     159.459  TiO4C12H28+10C4H10->10C5H12+2OCH4+TiO2
45  9.282925e-04 -351.869   -55.414  16    18.0  5.134   76.177  -4.509   81.201   87.530  -0.738  -2.083    -0.115  -3.393    -0.515     136.615      TiO4C12H28+6C3H8->6C5H12+2OH2+TiO2
69  1.027410e-03 -353.066    37.102  20    26.0  5.147  168.850  -3.844  170.636  174.037  -0.349  -1.946     2.763  -3.869     2.058     133.534     TiO4C12H28+6C5H12->10C4H10+2OC+TiO2
66  1.107844e-03 -353.278   -36.541  24    26.0  5.154  115.820  -1.967  118.302  123.693  -0.606  -1.987     0.505  -3.303    -0.515     154.843   TiO4C12H28+10C3H8->10C4H10+2OCH4+TiO2
75  1.612954e-03 -351.530    33.874  20    26.0  5.101   49.612   8.962   41.165   45.926  -0.844  -1.930     1.970  -3.957    -0.515       7.291          TiO4C12H28+6H2->10CH4+2OC+TiO2
68  4.144810e-03 -353.574    25.178  20    26.0  5.170  148.018  -7.158  155.691  159.817  -0.297  -2.093     2.146  -3.882    -0.515     130.513     TiO4C12H28+6C5H12->10C4H10+2OC+TiO2




---------------------------------------------------------------------
10 reactions with the worst dHf:
---------------------------------------------------------------------
          weight      dfH  drE_corr  dn  n+|dn|      u      drH    ddrH      drE  drE_CBS  drE_CV  drE_IT  drE_TPNO  drE_SR  ddrHconf  drE_HF_CBS                               reaction
98  5.912350e-09 -353.588    76.724  20    32.0  5.101  228.742 -28.708  257.965  260.156   2.446  -1.929     2.244  -4.952    -0.515     181.241         TiO4C12H28+3O2C->7CH4+8OC+TiO2
68  4.144810e-03 -353.574    25.178  20    26.0  5.170  148.018  -7.158  155.691  159.817  -0.297  -2.093     2.146  -3.882    -0.515     130.513    TiO4C12H28+6C5H12->10C4H10+2OC+TiO2
99  6.978145e-07 -353.310    57.986  20    32.0  5.102  116.162 -28.935  145.612  150.955   0.489  -2.897     1.979  -4.914    -0.515      87.626       TiO4C12H28+3OCH4->10CH4+5OC+TiO2
66  1.107844e-03 -353.278   -36.541  24    26.0  5.154  115.820  -1.967  118.302  123.693  -0.606  -1.987     0.505  -3.303    -0.515     154.843  TiO4C12H28+10C3H8->10C4H10+2OCH4+TiO2
69  1.027410e-03 -353.066    37.102  20    26.0  5.147  168.850  -3.844  170.636  174.037  -0.349  -1.946     2.763  -3.869     2.058     133.534    TiO4C12H28+6C5H12->10C4H10+2OC+TiO2
77  1.234175e-04 -353.023    50.072  16    26.0  5.101  149.481 -22.143  172.139  177.085   0.517  -2.697     1.756  -4.522    -0.515     122.067         TiO4C12H28+2OH2->8CH4+4OC+TiO2
63  1.352936e-02 -352.956     3.246  20    26.0  5.158  117.160 -12.336  132.608  137.946  -0.157  -2.359     1.098  -3.920    -3.112     129.362    TiO4C12H28+6C5H12->10C4H10+2OC+TiO2
79  7.096074e-01 -352.852     3.136  16    14.0  5.103  148.672 -15.400  164.587  169.665  -0.008  -2.343     1.190  -3.917    -0.515     161.451      2TiO4C12H28->3H2+5C4H10+4OC+2TiO2
25  7.101952e-01 -352.817     3.099   8    14.0  5.102  159.175 -16.422  175.246  180.238   0.042  -2.338     1.220  -3.916     0.351     172.147        TiO4C12H28->2H2+2C5H12+2OC+TiO2
61  4.435816e-03 -352.770   -24.618  24    26.0  5.131  136.652   1.347  133.247  137.913  -0.658  -1.840     1.122  -3.290     2.058     157.865  TiO4C12H28+10C3H8->10C4H10+2OCH4+TiO2
