---------------------------------------------------------------------
Results for m1_00_TiOnPr4-PBE0-D3-TZ_TiO2.all 

Average dfH = -335.09 

Uncertainty = 5.16
Computational contribution = 0.78
Experimental contribution = 5.1
---------------------------------------------------------------------
Number of reactions with all coeficients ≤  10 : 122  of  146
Parameters:
h1 = 8.24 
h2 = 24.09 

Summ of all weights = 52.16
---------------------------------------------------------------------
Average values and MSE of reaction characteristics:

                      Mean       St dev
          dfH      -335.09         0.39
     drE_corr        -7.93        11.86
    n+dn_priv        12.16         2.29
          drH        96.81        22.54
         ddrH        -5.35         7.27
          drE       102.43        27.73
      drE_CBS       107.79        27.52
       drE_IT        -2.25         0.26
       drE_CV        -0.77         0.43
       drE_SR        -3.50         0.21
   drE_HF_CBS       110.36        23.42
     ddrHconf        -0.27         0.43
          u/2         2.55         0.00


---------------------------------------------------------------------
122 reactions with the best weights:
---------------------------------------------------------------------
           weight      dfH  drE_corr  dn  n+|dn|      u      drH    ddrH      drE  drE_CBS  drE_CV  drE_IT  drE_TPNO  drE_SR  ddrHconf  drE_HF_CBS                                 reaction
118  1.000000e+00 -335.315    -2.938  26   11.00  5.101  120.277  -6.943  127.142  131.965  -0.408  -2.140     1.266  -3.541     0.078     130.080     4TiO4C12H28->10C4H10+3OCH4+5OC+4TiO2
103  9.630971e-01 -335.342    -4.159  20   11.33  5.101  110.576  -7.618  118.073  122.989  -0.474  -2.151     1.298  -3.589     0.121     122.232       3TiO4C12H28->8C4H10+2OH2+4OC+3TiO2
119  9.547883e-01 -335.442    -5.918  26   11.00  5.103  115.069  -7.772  123.406  128.411  -0.395  -2.177     1.112  -3.545    -0.565     129.324     4TiO4C12H28->10C4H10+3OCH4+5OC+4TiO2
1    9.546123e-01 -335.259    -7.964   6   10.00  5.102  120.027  -5.635  125.361  130.231  -0.457  -2.091     1.142  -3.464     0.301     133.325          TiO4C12H28->2C5H12+OCH4+OC+TiO2
59   9.384781e-01 -335.046    -0.308  14   12.00  5.102  102.774  -8.045  111.384  116.734  -0.670  -2.339     1.267  -3.608    -0.565     111.692         2TiO4C12H28->7C3H8+O2C+2OC+2TiO2
102  9.035730e-01 -335.478    -7.339  20   11.33  5.103  105.021  -8.502  114.088  119.198  -0.460  -2.191     1.134  -3.593    -0.565     121.427       3TiO4C12H28->8C4H10+2OH2+4OC+3TiO2
129  8.761101e-01 -334.888    -7.753  36   11.60  5.102   83.808  -6.088   90.461   96.449  -1.143  -2.502     1.144  -3.487    -0.565      98.214      5TiO4C12H28+2OH2->18C3H8+6O2C+5TiO2
101  8.733079e-01 -334.742    -8.594  22   11.33  5.102   77.680  -2.787   81.032   86.814  -1.182  -2.355     1.194  -3.439    -0.565      89.626       3TiO4C12H28+2H2->11C3H8+3O2C+3TiO2
111  8.356471e-01 -335.152     5.298  22   12.67  5.101  120.474  -9.091  130.130  134.983  -0.307  -2.215     1.339  -3.670    -0.565     124.832       3TiO4C12H28->10C3H8+OCH4+5OC+3TiO2
121  8.233979e-01 -334.887    -8.718  30   12.00  5.102   76.225  -6.475   83.265   89.361  -1.215  -2.524     1.158  -3.515    -0.565      91.983     4TiO4C12H28+2OCH4->15C3H8+5O2C+4TiO2
136  8.214314e-01 -335.159     5.009  52   12.86  5.102  116.322  -9.442  126.329  131.222  -0.332  -2.222     1.355  -3.694    -0.565     121.320      7TiO4C12H28->24C3H8+2OH2+12OC+7TiO2
12   8.205940e-01 -335.250    -8.805   8   12.00  5.104   90.126  -4.426   94.088   99.678  -1.144  -2.360     1.351  -3.437     0.464     102.893        TiO4C12H28+C5H12->4C4H10+O2C+TiO2
7    8.137029e-01 -335.070   -12.503   6   10.00  5.101   84.917  -5.279   90.246   96.069  -1.114  -2.402     1.136  -3.443    -0.050     102.749         TiO4C12H28->C3H8+2C4H10+O2C+TiO2
3    8.121938e-01 -334.993   -12.546   6   10.00  5.101   84.851  -5.270   90.253   96.108  -1.108  -2.400     1.096  -3.443    -0.132     102.799         TiO4C12H28->2C3H8+C5H12+O2C+TiO2
52   8.109989e-01 -335.116   -12.580  12   10.00  5.101   85.015  -5.274   90.211   96.021  -1.112  -2.402     1.148  -3.444     0.078     102.791      2TiO4C12H28->C2H6+5C4H10+2O2C+2TiO2
94   8.039409e-01 -335.065   -12.780  18   10.00  5.101   85.069  -5.249   90.161   96.003  -1.098  -2.399     1.100  -3.445     0.157     102.941     3TiO4C12H28->4C2H6+5C5H12+3O2C+3TiO2
87   7.945505e-01 -335.154   -13.044  18   10.00  5.101   84.156  -5.430   89.465   95.300  -1.117  -2.407     1.135  -3.446     0.121     102.509       3TiO4C12H28->CH4+8C4H10+3O2C+3TiO2
109  7.830309e-01 -334.163    -8.098  32   12.67  5.102   83.501  11.963   72.103   76.632  -1.048  -1.678     1.335  -3.138    -0.565      80.201     3TiO4C12H28+10H2->10C3H8+6OCH4+3TiO2
14   7.653864e-01 -334.820   -10.881   8   12.00  5.102   87.202  -4.829   92.596   98.386  -1.108  -2.386     1.138  -3.434    -0.565     103.477           TiO4C12H28+CH4->4C3H8+O2C+TiO2
113  7.610615e-01 -335.193   -13.969  24   10.00  5.101   87.631  -6.214   93.702   99.542  -1.089  -2.420     1.114  -3.445     0.143     107.671       4TiO4C12H28->H2+11C4H10+4O2C+4TiO2
58   7.587737e-01 -334.573   -12.984  18   11.00  5.102   92.548   8.847   83.623   88.205  -0.964  -1.737     1.262  -3.143     0.078      96.607      2TiO4C12H28+5H2->5C4H10+4OCH4+2TiO2
6    7.518745e-01 -335.166   -14.211   6   10.00  5.102   82.500  -5.710   87.909   93.829  -1.109  -2.414     1.054  -3.451     0.301     102.120          TiO4C12H28->CH4+2C5H12+O2C+TiO2
25   7.354256e-01 -335.852     0.073   8   14.00  5.102  142.210 -18.267  160.176  165.239  -0.012  -2.413     1.145  -3.783     0.301     160.103          TiO4C12H28->2H2+2C5H12+2OC+TiO2
79   7.351291e-01 -335.887     0.109  16   14.00  5.103  131.707 -17.246  149.518  154.669  -0.062  -2.419     1.114  -3.784    -0.565     149.409        2TiO4C12H28->3H2+5C4H10+4OC+2TiO2
78   7.288559e-01 -335.376     2.283  16   14.00  5.102  107.105 -13.216  120.886  126.196  -0.199  -2.378     1.070  -3.803    -0.565     118.603       2TiO4C12H28->5CH4+3C5H12+4OC+2TiO2
8    7.268136e-01 -335.172   -14.887   6   10.00  5.102   80.751  -5.942   87.258   93.226  -1.104  -2.431     1.013  -3.446    -0.565     102.145         TiO4C12H28->C3H8+2C4H10+O2C+TiO2
81   7.237134e-01 -335.760     3.090  16   14.00  5.101  136.915 -16.417  153.254  158.224  -0.075  -2.382     1.268  -3.781     0.078     150.164        2TiO4C12H28->3H2+5C4H10+4OC+2TiO2
11   7.180022e-01 -335.147   -12.460   8   12.00  5.103   84.983  -5.289   90.241   96.034  -1.121  -2.404     1.176  -3.444     0.031     102.701        TiO4C12H28+C5H12->4C4H10+O2C+TiO2
0    7.120225e-01 -335.053   -15.275   6   10.00  5.103  109.741  -7.361  117.667  122.941  -0.410  -2.180     0.793  -3.477    -0.565     132.942          TiO4C12H28->2C5H12+OCH4+OC+TiO2
53   7.012825e-01 -335.243   -15.561  12   10.00  5.103   79.807  -6.102   86.474   92.466  -1.099  -2.439     0.993  -3.447    -0.565     102.035      2TiO4C12H28->C2H6+5C4H10+2O2C+2TiO2
27   6.874492e-01 -335.623     6.257   8   14.00  5.102  111.895 -12.373  124.833  129.920  -0.229  -2.336     1.270  -3.792    -0.565     118.576         TiO4C12H28->2CH4+2C4H10+2OC+TiO2
5    6.849285e-01 -334.665   -16.002   8   10.00  5.102   97.843   6.998   90.544   95.220  -0.901  -1.769     1.139  -3.145     0.301     106.546        TiO4C12H28+2H2->2C5H12+2OCH4+TiO2
17   6.819280e-01 -335.453   -13.574   8   12.00  5.107   81.793  -5.752   88.110   93.990  -1.123  -2.419     1.104  -3.442    -0.565     101.684        TiO4C12H28+C5H12->4C4H10+O2C+TiO2
2    6.776713e-01 -334.890   -16.201   6   10.00  5.101   79.708  -6.133   86.406   92.463  -1.085  -2.444     0.921  -3.449    -0.565     102.607         TiO4C12H28->2C3H8+C5H12+O2C+TiO2
91   6.763083e-01 -335.289   -16.223  18   10.00  5.103   78.600  -6.313   85.478   91.505  -1.103  -2.446     0.971  -3.449    -0.565     101.701       3TiO4C12H28->CH4+8C4H10+3O2C+3TiO2
23   6.716791e-01 -335.646    -7.238   8   14.00  5.103  131.924 -19.993  152.482  157.950   0.035  -2.502     0.795  -3.796    -0.565     159.720          TiO4C12H28->2H2+2C5H12+2OC+TiO2
80   6.630730e-01 -335.531     7.767  16   14.00  5.101  114.820 -11.921  126.656  131.662  -0.234  -2.311     1.332  -3.793     0.085     118.889       2TiO4C12H28->5CH4+3C5H12+4OC+2TiO2
130  6.627515e-01 -335.115   -16.921  38    8.86  5.102   94.710  -3.893   98.240  103.822  -0.986  -2.259     1.024  -3.361     0.363     115.161    7TiO4C12H28->15C5H12+5O2C+4OCH4+7TiO2
115  6.593056e-01 -335.349     7.977  24   14.00  5.101  127.868 -13.302  141.735  146.652  -0.159  -2.322     1.340  -3.776    -0.565     133.758        3TiO4C12H28->2H2+10C3H8+6OC+3TiO2
57   6.536609e-01 -334.700   -15.965  18   11.00  5.103   87.340   8.019   79.886   84.649  -0.951  -1.774     1.108  -3.146    -0.565      95.851      2TiO4C12H28+5H2->5C4H10+4OCH4+2TiO2
22   6.468671e-01 -335.521     8.642   8   14.00  5.101  116.061 -11.711  127.822  132.762  -0.239  -2.306     1.394  -3.789    -0.050     119.180         TiO4C12H28->2CH4+2C4H10+2OC+TiO2
117  6.417429e-01 -335.208     8.905  24   14.00  5.101  117.812 -11.343  129.720  134.666  -0.192  -2.304     1.332  -3.782    -0.565     120.815     3TiO4C12H28->10C2H6+2C5H12+6OC+3TiO2
112  6.374804e-01 -335.333   -17.248  24   10.00  5.103   81.902  -7.125   89.592   95.630  -1.075  -2.460     0.945  -3.448    -0.565     106.840       4TiO4C12H28->H2+11C4H10+4O2C+4TiO2
122  6.362138e-01 -335.295   -17.288  30   10.00  5.102   93.457  -8.249  101.318  107.261  -1.020  -2.455     0.979  -3.447     0.388     118.606      5TiO4C12H28->4H2+11C5H12+5O2C+5TiO2
124  6.329366e-01 -335.080   -17.381  32   10.00  5.101   77.775  -4.173   81.792   87.804  -1.292  -2.427     1.084  -3.377     0.156      99.173      5TiO4C12H28+2OC->14C4H10+6O2C+5TiO2
84   6.210247e-01 -334.345     1.306  22   15.00  5.102   58.856   4.126   55.295   60.822  -1.342  -2.225     1.479  -3.439    -0.565      53.989       2TiO4C12H28+5H2->11C2H6+2O2C+2TiO2
32   6.143060e-01 -335.348    10.230   8   14.00  5.101  119.136 -11.109  130.810  135.681  -0.208  -2.290     1.406  -3.779    -0.565     120.580         TiO4C12H28->3C2H6+C4H10+2OC+TiO2
19   6.135688e-01 -335.271    10.264   8   14.00  5.101  118.346 -11.260  130.171  135.080  -0.233  -2.291     1.396  -3.781    -0.565     119.907           TiO4C12H28->CH4+3C3H8+2OC+TiO2
105  6.002903e-01 -335.125   -18.536  22    9.00  5.102   86.156  -4.246   89.993   95.681  -1.064  -2.273     1.036  -3.387     0.409     108.529      4TiO4C12H28->9C5H12+3O2C+2OH2+4TiO2
114  5.894280e-01 -335.276    11.342  24   14.00  5.101  121.240 -10.767  132.283  137.094  -0.207  -2.274     1.448  -3.778    -0.276     120.941     3TiO4C12H28->10C2H6+2C5H12+6OC+3TiO2
30   5.875810e-01 -335.297    11.422   8   14.00  5.101  121.219 -10.777  132.303  137.102  -0.213  -2.276     1.467  -3.777    -0.307     120.881         TiO4C12H28->3C2H6+C4H10+2OC+TiO2
21   5.839822e-01 -335.205    11.577   8   14.00  5.101  121.023 -10.788  132.376  137.200  -0.217  -2.275     1.444  -3.776    -0.565     120.799         TiO4C12H28->2C2H6+2C3H8+2OC+TiO2
95   5.763751e-01 -334.893   -18.873  18   10.00  5.102   76.497  -6.687   83.749   89.928  -1.059  -2.473     0.809  -3.456    -0.565     102.622     3TiO4C12H28->4C2H6+5C5H12+3O2C+3TiO2
31   5.687609e-01 -334.886   -12.193  10   14.00  5.104   84.525  -5.301   90.391   96.266  -1.123  -2.402     1.090  -3.440    -0.565     102.584         TiO4C12H28+2C2H6->5C3H8+O2C+TiO2
16   5.616601e-01 -335.351   -17.229   8   12.00  5.107   76.651  -6.615   84.264   90.346  -1.100  -2.463     0.930  -3.449    -0.998     101.493        TiO4C12H28+C5H12->4C4H10+O2C+TiO2
28   5.546402e-01 -334.013   -12.795  12   14.00  5.102   47.043  13.719   33.889   38.637  -1.372  -1.619     1.444  -3.201    -0.565      46.684          TiO4C12H28+4H2->4C3H8+2OH2+TiO2
141  5.308448e-01 -334.891     3.664  72   15.71  5.102   81.962  -8.113   90.640   96.922  -1.196  -2.759     1.282  -3.609    -0.565      86.976    7TiO4C12H28+10OH2->36C2H6+12O2C+7TiO2
15   5.151263e-01 -334.506   -18.659  10   12.00  5.102   57.899   9.981   47.711   52.522  -1.271  -1.691     1.358  -3.207     0.207      66.370         TiO4C12H28+3H2->3C4H10+2OH2+TiO2
40   5.114838e-01 -333.801     0.902  14   16.00  5.102   66.388  18.247   48.706   53.003  -1.194  -1.560     1.594  -3.137    -0.565      47.804         TiO4C12H28+5H2->5C2H6+2OCH4+TiO2
125  5.079636e-01 -335.222   -20.719  32   10.00  5.103   71.942  -5.101   77.608   83.824  -1.277  -2.469     0.911  -3.381    -0.565      98.327      5TiO4C12H28+2OC->14C4H10+6O2C+5TiO2
9    4.791567e-01 -334.960   -21.521   6   10.00  5.103   72.214  -7.437   80.216   86.540  -1.062  -2.502     0.704  -3.464    -0.565     101.737          TiO4C12H28->CH4+2C5H12+O2C+TiO2
126  4.363268e-01 -334.617   -22.280  44   10.80  5.103   64.254   7.761   56.019   60.944  -1.196  -1.729     1.209  -3.209     0.474      78.299    5TiO4C12H28+12H2->12C5H12+10OH2+5TiO2
4    4.170368e-01 -334.460   -23.313   8   10.00  5.104   87.558   5.271   82.852   87.933  -0.855  -1.858     0.790  -3.158    -0.565     106.165        TiO4C12H28+2H2->2C5H12+2OCH4+TiO2
37   4.004924e-01 -335.098    11.929  10   16.00  5.104  120.697 -10.820  132.515  137.358  -0.232  -2.277     1.438  -3.772    -0.998     120.586         TiO4C12H28+C5H12->5C3H8+2OC+TiO2
10   4.000257e-01 -334.658   -22.236  10   12.00  5.104   51.649   8.986   43.228   48.256  -1.256  -1.735     1.173  -3.210    -0.565      65.464         TiO4C12H28+3H2->3C4H10+2OH2+TiO2
56   3.853867e-01 -334.987   -23.695  18   11.00  5.103  125.234   0.652  124.064  128.799  -0.680  -1.871     0.951  -3.135     0.518     147.759     2TiO4C12H28+5CH4->5C5H12+4OCH4+2TiO2
131  3.772974e-01 -334.895   -24.754  38    8.86  5.104   83.689  -5.742   89.996   96.010  -0.936  -2.354     0.650  -3.374    -0.565     114.750    7TiO4C12H28->15C5H12+5O2C+4OCH4+7TiO2
110  3.737581e-01 -334.971   -22.237  32   12.67  5.103  127.303   1.003  126.007  130.633  -0.689  -1.863     1.054  -3.128     0.293     148.244   3TiO4C12H28+10CH4->10C4H10+6OCH4+3TiO2
123  3.521609e-01 -335.069   -25.330  30   10.00  5.104   82.142 -10.148   92.855   99.243  -0.969  -2.552     0.594  -3.461    -0.565     118.185      5TiO4C12H28->4H2+11C5H12+5O2C+5TiO2
39   3.367669e-01 -335.201    15.584  10   16.00  5.104  125.840  -9.956  136.361  141.003  -0.256  -2.233     1.613  -3.766    -0.565     120.777         TiO4C12H28+C5H12->5C3H8+2OC+TiO2
104  3.156239e-01 -334.894   -26.761  22    9.00  5.104   74.584  -6.188   81.337   87.481  -1.012  -2.373     0.643  -3.402    -0.565     108.098      4TiO4C12H28->9C5H12+3O2C+2OH2+4TiO2
49   3.153775e-01 -334.888     1.710  12   18.00  5.103   51.324  -9.995   61.884   68.641  -1.491  -2.890     1.364  -3.740    -0.565      60.174        TiO4C12H28+2OCH4->6C2H6+2O2C+TiO2
48   3.148041e-01 -333.580    -1.995  16   18.00  5.103   26.508  21.261    5.812   10.283  -1.548  -1.478     1.755  -3.200    -0.565       7.807          TiO4C12H28+6H2->6C2H6+2OH2+TiO2
41   3.117074e-01 -334.988    16.976  10   16.00  5.102  110.755  -7.017  118.337  123.022  -0.305  -2.205     1.600  -3.775    -0.565     101.361            TiO4C12H28+H2->5C2H6+2OC+TiO2
107  2.680082e-01 -335.141   -26.211  32   12.67  5.105  120.360  -0.102  121.027  125.896  -0.672  -1.912     0.848  -3.133    -0.565     147.238   3TiO4C12H28+10CH4->10C4H10+6OCH4+3TiO2
35   2.651769e-01 -334.555   -19.533  14   16.00  5.104  131.112   1.753  129.924  134.496  -0.678  -1.837     1.057  -3.114    -0.565     149.457        TiO4C12H28+5CH4->5C3H8+2OCH4+TiO2
86   2.533099e-01 -334.923   -28.862  22   10.00  5.103   60.954  -1.570   62.078   68.607  -1.692  -2.482     0.868  -3.223     0.446      90.940       3TiO4C12H28+4OC->7C5H12+5O2C+3TiO2
50   2.482786e-01 -335.021    11.886  12   18.00  5.105  120.631 -10.810  132.520  137.395  -0.226  -2.275     1.398  -3.772    -1.079     120.634        TiO4C12H28+2C4H10->6C3H8+2OC+TiO2
106  2.428719e-01 -335.241   -27.271  32   12.67  5.107  118.813  -0.502  118.436  123.364  -0.706  -1.908     0.836  -3.150     0.879     145.707  3TiO4C12H28+10C2H6->10C5H12+6OCH4+3TiO2
51   2.239020e-01 -335.073    14.202  12   18.00  5.103  126.377  -9.844  136.786  141.441  -0.186  -2.245     1.541  -3.765    -0.565     122.584          TiO4C12H28+2CH4->6C2H6+2OC+TiO2
134  2.233431e-01 -335.270    20.771  48   16.40  5.102  127.605 -12.673  140.843  145.570  -0.056  -2.350     1.569  -3.890    -0.565     120.072      5TiO4C12H28+2OH2->24C2H6+12OC+5TiO2
46   2.228830e-01 -334.919    14.271  12   18.00  5.106  124.797 -10.147  135.509  140.239  -0.236  -2.246     1.521  -3.769    -0.565     121.238        TiO4C12H28+2C4H10->6C3H8+2OC+TiO2
128  1.946596e-01 -334.370   -31.053  44   10.80  5.105   51.911   5.689   46.787   52.197  -1.140  -1.835     0.790  -3.225    -0.565      77.840    5TiO4C12H28+12H2->12C5H12+10OH2+5TiO2
100  1.913359e-01 -335.285    20.995  20   17.00  5.102  121.847 -13.334  135.746  140.529  -0.083  -2.366     1.601  -3.935    -0.565     114.751       2TiO4C12H28+OCH4->10C2H6+5OC+2TiO2
13   1.694074e-01 -335.003   -31.512  10   12.00  5.104   97.123   0.146   96.243  101.237  -0.930  -1.851     0.984  -3.197     0.734     127.755        TiO4C12H28+3CH4->3C5H12+2OH2+TiO2
54   1.649621e-01 -334.556    -5.630  16   20.00  5.106   97.910  -2.941  101.416  106.870  -1.046  -2.325     1.331  -3.414    -0.565     107.046          TiO4C12H28+5CH4->8C2H6+O2C+TiO2
20   1.597375e-01 -334.984   -29.762  12   14.00  5.103   99.606   0.567   98.575  103.440  -0.942  -1.841     1.107  -3.189     0.464     128.337        TiO4C12H28+4CH4->4C4H10+2OH2+TiO2
55   1.580227e-01 -334.730   -32.834  18   11.00  5.106  112.377  -1.506  114.448  119.687  -0.621  -1.982     0.515  -3.151    -0.565     147.282     2TiO4C12H28+5CH4->5C5H12+4OCH4+2TiO2
34   1.473013e-01 -335.345   -26.870  14   16.00  5.107  118.707  -0.553  118.538  123.403  -0.734  -1.914     0.931  -3.148     0.722     145.408      TiO4C12H28+5C2H6->5C4H10+2OCH4+TiO2
36   1.337756e-01 -335.420   -27.858  14   16.00  5.115  119.357  -0.450  118.207  123.102  -0.681  -1.905     0.846  -3.155     1.600     146.065      TiO4C12H28+5C3H8->5C5H12+2OCH4+TiO2
88   9.562028e-02 -334.683   -37.391  22   10.00  5.104   48.954  -3.584   53.103   60.105  -1.638  -2.586     0.460  -3.238    -0.565      90.494       3TiO4C12H28+4OC->7C5H12+5O2C+3TiO2
42   9.426725e-02 -334.484   -26.518  16   18.00  5.105  104.176   1.468  103.273  108.073  -0.929  -1.810     1.111  -3.172    -0.565     129.791         TiO4C12H28+6CH4->6C3H8+2OH2+TiO2
24   9.402417e-02 -335.187   -34.531  12   14.00  5.107   91.273  -0.759   92.597   97.752  -0.921  -1.900     0.860  -3.194    -0.565     127.128        TiO4C12H28+4CH4->4C4H10+2OH2+TiO2
127  8.676295e-02 -335.418    27.423  32   18.00  5.102  145.355 -14.446  160.366  164.490   0.387  -2.191     1.680  -4.000    -0.565     132.943      3TiO4C12H28+2O2C->14C2H6+10OC+3TiO2
26   8.052650e-02 -335.308   -35.803  12   14.00  5.109   89.418  -1.239   89.490   94.717  -0.962  -1.895     0.845  -3.215     1.167     125.293       TiO4C12H28+4C2H6->4C5H12+2OH2+TiO2
33   7.957533e-02 -335.599   -32.832  14   16.00  5.113  108.291  -2.209  111.065  116.293  -0.708  -1.988     0.623  -3.155    -0.565     143.897      TiO4C12H28+5C2H6->5C4H10+2OCH4+TiO2
108  5.974760e-02 -334.898   -39.456  32   12.67  5.110  101.670  -3.379  105.614  111.216  -0.628  -2.056     0.253  -3.171    -0.565     145.070  3TiO4C12H28+10C2H6->10C5H12+6OCH4+3TiO2
18   4.179072e-02 -334.694   -42.479  10   12.00  5.107   81.694  -2.444   84.703   90.303  -0.860  -1.984     0.460  -3.216    -0.565     127.182        TiO4C12H28+3CH4->3C5H12+2OH2+TiO2
43   3.682911e-02 -335.432   -35.322  16   18.00  5.109   89.290  -1.300   89.611   94.762  -0.995  -1.903     0.960  -3.213     0.979     124.933       TiO4C12H28+6C2H6->6C4H10+2OH2+TiO2
44   3.165532e-02 -335.522   -36.507  16   18.00  5.121   90.070  -1.177   89.214   94.402  -0.932  -1.892     0.857  -3.221     2.033     125.721       TiO4C12H28+6C3H8->6C5H12+2OH2+TiO2
47   1.406359e-02 -335.737   -42.476  16   18.00  5.118   76.791  -3.288   80.644   86.230  -0.964  -1.991     0.590  -3.221    -0.565     123.120       TiO4C12H28+6C2H6->6C4H10+2OH2+TiO2
63   1.403369e-02 -335.991     0.220  20   26.00  5.158  100.195 -14.181  117.539  122.949  -0.211  -2.434     1.022  -3.787    -3.163     117.319      TiO4C12H28+6C5H12->10C4H10+2OC+TiO2
38   1.296162e-02 -334.905   -46.135  14   16.00  5.124   93.642  -4.765   98.972  104.878  -0.564  -2.127    -0.028  -3.187    -0.565     145.107      TiO4C12H28+5C3H8->5C5H12+2OCH4+TiO2
64   1.098318e-02 -335.483    12.143  20   26.00  5.135  121.027 -10.868  132.485  137.171  -0.263  -2.287     1.639  -3.775    -0.590     120.342      TiO4C12H28+6C5H12->10C4H10+2OC+TiO2
74   1.070096e-02 -334.225   -12.970  24   26.00  5.110  144.497   4.113  140.949  145.100  -0.601  -1.760     1.299  -3.089    -0.565     153.919      TiO4C12H28+10CH4->10C2H6+2OCH4+TiO2
73   9.851301e-03 -333.378    14.774  24   26.00  5.101  -11.720  32.382  -43.537  -39.091  -1.788  -1.361     1.889  -3.186    -0.565     -58.311        TiO4C12H28+10H2->10CH4+2OCH4+TiO2
29   9.151473e-03 -334.896   -50.424  12   14.00  5.114   68.846  -4.691   74.102   80.137  -0.868  -2.073     0.147  -3.241    -0.565     124.526       TiO4C12H28+4C2H6->4C5H12+2OH2+TiO2
62   8.850760e-03 -334.527   -16.149  24   26.00  5.188  139.859   2.912  133.182  137.512  -0.703  -1.748     1.261  -3.140     3.765     149.331   TiO4C12H28+10C4H10->10C5H12+2OCH4+TiO2
72   7.008030e-03 -335.493    20.393  18   26.00  5.101   53.255 -17.423   71.243   79.016  -1.466  -3.539     1.192  -3.960    -0.565      50.850          TiO4C12H28+4OH2->9CH4+3O2C+TiO2
68   5.996717e-03 -336.609    22.152  20   26.00  5.170  131.053  -9.003  140.621  144.818  -0.351  -2.168     2.070  -3.748    -0.565     118.469      TiO4C12H28+6C5H12->10C4H10+2OC+TiO2
76   4.402730e-03 -334.885   -26.097  24   26.00  5.121  117.727  -0.607  118.899  123.891  -0.756  -1.913     0.816  -3.139    -0.565     144.996     TiO4C12H28+10C2H6->10C3H8+2OCH4+TiO2
61   3.800169e-03 -335.805   -27.644  24   26.00  5.131  119.687  -0.499  118.178  122.916  -0.712  -1.915     1.046  -3.157     2.008     145.822    TiO4C12H28+10C3H8->10C4H10+2OCH4+TiO2
65   3.599302e-03 -335.035   -28.072  24   26.00  5.165  119.027  -0.402  118.237  123.291  -0.651  -1.895     0.645  -3.153     1.192     146.309   TiO4C12H28+10C4H10->10C5H12+2OCH4+TiO2
75   2.783743e-03 -334.565    30.848  20   26.00  5.101   32.647   7.117   26.095   30.927  -0.898  -2.005     1.895  -3.824    -0.565      -4.753           TiO4C12H28+6H2->10CH4+2OC+TiO2
69   1.905346e-03 -336.101    34.076  20   26.00  5.147  151.885  -5.690  155.567  159.040  -0.403  -2.021     2.687  -3.736     2.008     121.491      TiO4C12H28+6C5H12->10C4H10+2OC+TiO2
66   9.465361e-04 -336.313   -39.567  24   26.00  5.154   98.855  -3.812  103.232  108.694  -0.660  -2.062     0.430  -3.170    -0.565     142.799    TiO4C12H28+10C3H8->10C4H10+2OCH4+TiO2
45   8.701694e-04 -334.904   -58.440  16   18.00  5.134   59.212  -6.355   66.132   72.533  -0.792  -2.158    -0.191  -3.260    -0.565     124.572       TiO4C12H28+6C3H8->6C5H12+2OH2+TiO2
77   3.164324e-04 -336.058    47.046  16   26.00  5.101  132.516 -23.988  157.069  162.087   0.463  -2.772     1.680  -4.389    -0.565     110.023           TiO4C12H28+2OH2->8CH4+4OC+TiO2
67   1.141770e-04 -333.497   -52.703  24   26.00  5.222   88.429  -5.719   94.713  101.064  -0.469  -2.192    -0.485  -3.205    -0.565     147.416   TiO4C12H28+10C4H10->10C5H12+2OCH4+TiO2
60   1.033680e-05 -334.005   -64.626  24   26.00  5.199   67.597  -9.032   79.767   86.842  -0.417  -2.339    -1.102  -3.217    -3.138     144.393   TiO4C12H28+10C4H10->10C5H12+2OCH4+TiO2
99   2.241073e-06 -336.345    54.960  20   32.00  5.102   99.197 -30.780  130.542  135.956   0.435  -2.972     1.904  -4.781    -0.565      75.582         TiO4C12H28+3OCH4->10CH4+5OC+TiO2
98   3.517639e-08 -336.623    73.698  20   32.00  5.101  211.777 -30.554  242.896  245.158   2.392  -2.004     2.169  -4.819    -0.565     169.198           TiO4C12H28+3O2C->7CH4+8OC+TiO2




---------------------------------------------------------------------
10 reactions with the worst weights:
---------------------------------------------------------------------
          weight      dfH  drE_corr  dn  n+|dn|      u      drH    ddrH      drE  drE_CBS  drE_CV  drE_IT  drE_TPNO  drE_SR  ddrHconf  drE_HF_CBS                                reaction
98  3.517639e-08 -336.623    73.698  20    32.0  5.101  211.777 -30.554  242.896  245.158   2.392  -2.004     2.169  -4.819    -0.565     169.198          TiO4C12H28+3O2C->7CH4+8OC+TiO2
99  2.241073e-06 -336.345    54.960  20    32.0  5.102   99.197 -30.780  130.542  135.956   0.435  -2.972     1.904  -4.781    -0.565      75.582        TiO4C12H28+3OCH4->10CH4+5OC+TiO2
60  1.033680e-05 -334.005   -64.626  24    26.0  5.199   67.597  -9.032   79.767   86.842  -0.417  -2.339    -1.102  -3.217    -3.138     144.393  TiO4C12H28+10C4H10->10C5H12+2OCH4+TiO2
67  1.141770e-04 -333.497   -52.703  24    26.0  5.222   88.429  -5.719   94.713  101.064  -0.469  -2.192    -0.485  -3.205    -0.565     147.416  TiO4C12H28+10C4H10->10C5H12+2OCH4+TiO2
77  3.164324e-04 -336.058    47.046  16    26.0  5.101  132.516 -23.988  157.069  162.087   0.463  -2.772     1.680  -4.389    -0.565     110.023          TiO4C12H28+2OH2->8CH4+4OC+TiO2
45  8.701694e-04 -334.904   -58.440  16    18.0  5.134   59.212  -6.355   66.132   72.533  -0.792  -2.158    -0.191  -3.260    -0.565     124.572      TiO4C12H28+6C3H8->6C5H12+2OH2+TiO2
66  9.465361e-04 -336.313   -39.567  24    26.0  5.154   98.855  -3.812  103.232  108.694  -0.660  -2.062     0.430  -3.170    -0.565     142.799   TiO4C12H28+10C3H8->10C4H10+2OCH4+TiO2
69  1.905346e-03 -336.101    34.076  20    26.0  5.147  151.885  -5.690  155.567  159.040  -0.403  -2.021     2.687  -3.736     2.008     121.491     TiO4C12H28+6C5H12->10C4H10+2OC+TiO2
75  2.783743e-03 -334.565    30.848  20    26.0  5.101   32.647   7.117   26.095   30.927  -0.898  -2.005     1.895  -3.824    -0.565      -4.753          TiO4C12H28+6H2->10CH4+2OC+TiO2
65  3.599302e-03 -335.035   -28.072  24    26.0  5.165  119.027  -0.402  118.237  123.291  -0.651  -1.895     0.645  -3.153     1.192     146.309  TiO4C12H28+10C4H10->10C5H12+2OCH4+TiO2




---------------------------------------------------------------------
10 reactions with the worst dHf:
---------------------------------------------------------------------
          weight      dfH  drE_corr  dn  n+|dn|      u      drH    ddrH      drE  drE_CBS  drE_CV  drE_IT  drE_TPNO  drE_SR  ddrHconf  drE_HF_CBS                               reaction
98  3.517639e-08 -336.623    73.698  20    32.0  5.101  211.777 -30.554  242.896  245.158   2.392  -2.004     2.169  -4.819    -0.565     169.198         TiO4C12H28+3O2C->7CH4+8OC+TiO2
68  5.996717e-03 -336.609    22.152  20    26.0  5.170  131.053  -9.003  140.621  144.818  -0.351  -2.168     2.070  -3.748    -0.565     118.469    TiO4C12H28+6C5H12->10C4H10+2OC+TiO2
99  2.241073e-06 -336.345    54.960  20    32.0  5.102   99.197 -30.780  130.542  135.956   0.435  -2.972     1.904  -4.781    -0.565      75.582       TiO4C12H28+3OCH4->10CH4+5OC+TiO2
66  9.465361e-04 -336.313   -39.567  24    26.0  5.154   98.855  -3.812  103.232  108.694  -0.660  -2.062     0.430  -3.170    -0.565     142.799  TiO4C12H28+10C3H8->10C4H10+2OCH4+TiO2
69  1.905346e-03 -336.101    34.076  20    26.0  5.147  151.885  -5.690  155.567  159.040  -0.403  -2.021     2.687  -3.736     2.008     121.491    TiO4C12H28+6C5H12->10C4H10+2OC+TiO2
77  3.164324e-04 -336.058    47.046  16    26.0  5.101  132.516 -23.988  157.069  162.087   0.463  -2.772     1.680  -4.389    -0.565     110.023         TiO4C12H28+2OH2->8CH4+4OC+TiO2
63  1.403369e-02 -335.991     0.220  20    26.0  5.158  100.195 -14.181  117.539  122.949  -0.211  -2.434     1.022  -3.787    -3.163     117.319    TiO4C12H28+6C5H12->10C4H10+2OC+TiO2
79  7.351291e-01 -335.887     0.109  16    14.0  5.103  131.707 -17.246  149.518  154.669  -0.062  -2.419     1.114  -3.784    -0.565     149.409      2TiO4C12H28->3H2+5C4H10+4OC+2TiO2
25  7.354256e-01 -335.852     0.073   8    14.0  5.102  142.210 -18.267  160.176  165.239  -0.012  -2.413     1.145  -3.783     0.301     160.103        TiO4C12H28->2H2+2C5H12+2OC+TiO2
61  3.800169e-03 -335.805   -27.644  24    26.0  5.131  119.687  -0.499  118.178  122.916  -0.712  -1.915     1.046  -3.157     2.008     145.822  TiO4C12H28+10C3H8->10C4H10+2OCH4+TiO2
