---------------------------------------------------------------------
Results for m1_00_TiOnBu4-PBE0-D3-TZ_TiO2.all 

Average dfH = -357.77 

Uncertainty = 5.2
Computational contribution = 0.98
Experimental contribution = 5.1
---------------------------------------------------------------------
Number of reactions with all coeficients ≤  10 : 91  of  130
Parameters:
h1 = 6.96 
h2 = 22.07 

Summ of all weights = 35.07
---------------------------------------------------------------------
Average values and MSE of reaction characteristics:

                      Mean       St dev
          dfH      -357.77         0.49
     drE_corr         1.17        11.86
    n+dn_priv        13.50         1.87
          drH        98.15        25.05
         ddrH        -4.22         9.13
          drE       102.72        32.11
      drE_CBS       107.63        32.04
       drE_IT        -2.23         0.30
       drE_CV        -0.69         0.46
       drE_SR        -3.41         0.24
   drE_HF_CBS       101.55        27.81
     ddrHconf        -0.35         0.60
          u/2         2.55         0.00


---------------------------------------------------------------------
91 reactions with the best weights:
---------------------------------------------------------------------
           weight      dfH  drE_corr  dn  n+|dn|      u      drH    ddrH      drE  drE_CBS  drE_CV  drE_IT  drE_TPNO  drE_SR  ddrHconf  drE_HF_CBS                                 reaction
86   1.000000e+00 -357.697    -1.848  30   11.50  5.103   80.128  -2.534   82.544   87.929  -1.164  -2.388     1.511  -3.344     0.118      84.392      4TiO4C16H36+3H2->15C4H10+4O2C+4TiO2
1    9.701343e-01 -357.836    -6.374   6   10.00  5.104   88.072  -5.308   92.928   98.455  -1.070  -2.436     1.326  -3.347     0.452      99.302              TiO4C16H36->3C5H12+O2C+TiO2
101  9.660094e-01 -357.749    -4.071  34   11.60  5.106  109.115 -10.164  120.126  125.224  -0.264  -2.325     1.001  -3.510    -0.847     124.197     5TiO4C16H36->14C5H12+3OCH4+7OC+5TiO2
100  9.484592e-01 -357.206    -5.088  48   11.60  5.104   92.459   9.938   82.156   86.416  -0.951  -1.750     1.486  -3.045     0.365      87.244   5TiO4C16H36+14H2->14C5H12+10OCH4+5TiO2
2    9.295978e-01 -357.817    -4.624   8   12.00  5.103   90.555  -4.887   95.260  100.659  -1.082  -2.426     1.449  -3.340     0.182      99.884          TiO4C16H36+CH4->4C4H10+O2C+TiO2
83   9.267037e-01 -357.888    -6.319  30   11.50  5.106   72.316  -3.776   76.939   82.596  -1.145  -2.443     1.280  -3.349    -0.847      83.258      4TiO4C16H36+3H2->15C4H10+4O2C+4TiO2
102  9.251806e-01 -358.037     6.164  34   11.60  5.104  123.516  -7.747  130.898  135.428  -0.329  -2.201     1.491  -3.491     0.365     124.734     5TiO4C16H36->14C5H12+3OCH4+7OC+5TiO2
106  9.042456e-01 -358.220     4.095  36   12.40  5.105  102.199  -9.849  112.895  118.018  -0.537  -2.418     1.382  -3.550    -0.847     108.800      5TiO4C16H36->18C4H10+2O2C+6OC+5TiO2
40   8.747017e-01 -357.077    -0.864  22   13.00  5.103   85.045  12.528   72.464   76.592  -1.039  -1.706     1.659  -3.042     0.053      73.328      2TiO4C16H36+7H2->7C4H10+4OCH4+2TiO2
45   8.309394e-01 -357.255    -5.037  22   13.00  5.105   77.753  11.368   67.232   71.613  -1.021  -1.757     1.444  -3.047    -0.847      72.269      2TiO4C16H36+7H2->7C4H10+4OCH4+2TiO2
44   8.130466e-01 -357.929    -6.014  18   13.00  5.104   87.976  -5.354   93.019   98.489  -1.095  -2.441     1.412  -3.346     0.311      99.033     2TiO4C16H36+3C2H6->9C4H10+2O2C+2TiO2
107  8.110415e-01 -358.037     8.387  36   12.40  5.102  109.698  -8.656  118.275  123.138  -0.556  -2.365     1.604  -3.546     0.079     109.888      5TiO4C16H36->18C4H10+2O2C+6OC+5TiO2
3    8.091482e-01 -358.020    -9.393   8   12.00  5.107   82.222  -6.212   89.281   94.970  -1.061  -2.485     1.202  -3.345    -0.847      98.674          TiO4C16H36+CH4->4C4H10+O2C+TiO2
110  7.564007e-01 -358.105     0.751  40   14.00  5.106  122.425 -17.743  141.015  146.228   0.003  -2.518     1.003  -3.701    -0.847     140.264      5TiO4C16H36->6H2+14C5H12+10OC+5TiO2
118  7.427771e-01 -358.305     8.555  68   13.11  5.105  113.225 -10.982  125.054  129.808  -0.264  -2.325     1.456  -3.621    -0.847     116.499     9TiO4C16H36->32C4H10+2OH2+16OC+9TiO2
97   7.405134e-01 -358.293     9.028  30   13.00  5.105  116.574 -10.739  128.160  132.880  -0.243  -2.321     1.449  -3.605    -0.847     119.132      4TiO4C16H36->14C4H10+OCH4+7OC+4TiO2
104  7.179260e-01 -357.158   -11.366  52   12.40  5.105   58.869  10.701   47.630   52.137  -1.246  -1.709     1.557  -3.109     0.538      58.996    5TiO4C16H36+16H2->16C5H12+10OH2+5TiO2
16   7.128152e-01 -357.082     5.482  10   14.00  5.103   66.559   2.139   65.267   70.574  -1.290  -2.299     1.619  -3.337    -0.847      59.785           TiO4C16H36+2H2->5C3H8+O2C+TiO2
48   6.953121e-01 -357.943     6.464  16   14.00  5.105  107.534 -13.677  122.058  127.176  -0.137  -2.444     1.168  -3.705    -0.847     115.594       2TiO4C16H36->3CH4+5C5H12+4OC+2TiO2
8    6.944844e-01 -357.010    -6.538  12   14.00  5.103   50.396  13.661   36.553   40.911  -1.347  -1.659     1.754  -3.106     0.182      43.091         TiO4C16H36+4H2->4C4H10+2OH2+TiO2
46   6.700185e-01 -358.158   -11.379  18   13.00  5.109   78.602  -6.845   86.294   92.090  -1.072  -2.507     1.134  -3.351    -0.847      97.673     2TiO4C16H36+3C2H6->9C4H10+2O2C+2TiO2
119  6.175899e-01 -358.125    12.794  68   13.11  5.102  120.632  -9.804  130.368  134.865  -0.283  -2.273     1.675  -3.616     0.068     117.574     9TiO4C16H36->32C4H10+2OH2+16OC+9TiO2
98   6.170099e-01 -356.918   -15.323  48   11.60  5.107   78.059   7.521   71.385   76.211  -0.886  -1.874     0.997  -3.063    -0.847      86.708   5TiO4C16H36+14H2->14C5H12+10OCH4+5TiO2
96   6.128211e-01 -358.116    13.202  30   13.00  5.102  123.866  -9.579  133.392  137.857  -0.261  -2.269     1.665  -3.600     0.053     120.190      4TiO4C16H36->14C4H10+OCH4+7OC+4TiO2
11   6.060320e-01 -357.842    10.437   8   14.00  5.104  113.958 -12.553  127.358  132.259  -0.133  -2.400     1.325  -3.693    -0.847     116.921        TiO4C16H36->2C2H6+2C5H12+2OC+TiO2
109  5.915777e-01 -358.393    10.986  40   14.00  5.104  136.826 -15.327  151.788  156.435  -0.062  -2.394     1.492  -3.683     0.365     140.802      5TiO4C16H36->6H2+14C5H12+10OC+5TiO2
49   5.899576e-01 -358.442    11.038  16   14.00  5.105  122.120 -13.897  136.864  141.631  -0.132  -2.401     1.450  -3.684    -0.847     125.826         2TiO4C16H36->H2+7C4H10+4OC+2TiO2
6    5.822676e-01 -357.213   -11.307  12   14.00  5.107   42.063  12.336   30.574   35.221  -1.326  -1.718     1.508  -3.111    -0.847      41.881         TiO4C16H36+4H2->4C4H10+2OH2+TiO2
111  5.748693e-01 -357.519     8.002  48   14.80  5.103   84.941  -7.764   93.552   99.479  -1.176  -2.740     1.469  -3.480    -0.847      85.550      5TiO4C16H36+6OH2->24C3H8+8O2C+5TiO2
0    5.681827e-01 -357.527   -17.341   6   10.00  5.107   72.643  -7.898   81.388   87.520  -1.000  -2.568     0.802  -3.366    -0.847      98.729              TiO4C16H36->3C5H12+O2C+TiO2
81   5.449247e-01 -356.502     5.978  40   15.33  5.103   72.380  16.889   56.338   60.393  -1.157  -1.622     1.760  -3.036    -0.847      50.360     3TiO4C16H36+14H2->14C3H8+6OCH4+3TiO2
78   5.330375e-01 -358.354    13.087  24   14.00  5.105  115.516 -12.273  128.636  133.383  -0.188  -2.374     1.502  -3.687    -0.847     115.549      3TiO4C16H36->2CH4+10C4H10+6OC+3TiO2
47   5.221853e-01 -357.657   -15.859  22   13.00  5.106  130.806   1.054  129.084  133.425  -0.641  -1.893     1.224  -3.031     0.668     144.943     2TiO4C16H36+7CH4->7C5H12+4OCH4+2TiO2
18   4.993583e-01 -357.317    -1.380  12   16.00  5.105   95.125  -3.986   99.958  105.290  -1.069  -2.394     1.453  -3.322    -0.847     101.338          TiO4C16H36+3CH4->6C3H8+O2C+TiO2
13   4.948516e-01 -358.262    14.411   8   14.00  5.104  117.930 -11.851  130.628  135.303  -0.180  -2.359     1.547  -3.683    -0.847     116.217         TiO4C16H36->C2H6+3C4H10+2OC+TiO2
10   4.942433e-01 -357.838    14.445   8   14.00  5.102  118.775 -11.721  131.343  136.060  -0.171  -2.357     1.494  -3.683    -0.847     116.898         TiO4C16H36->3C3H8+C5H12+2OC+TiO2
108  4.753397e-01 -357.516     5.110  42   16.00  5.104   62.193  -8.923   71.963   78.210  -1.391  -2.807     1.514  -3.563    -0.847      66.853     4TiO4C16H36+6OCH4->21C3H8+7O2C+4TiO2
51   4.717280e-01 -358.264    15.211  16   14.00  5.102  129.411 -12.737  142.095  146.610  -0.150  -2.350     1.665  -3.680     0.053     126.884         2TiO4C16H36->H2+7C4H10+4OC+2TiO2
20   4.621941e-01 -358.067    -6.246  12   16.00  5.108   88.270  -5.337   92.910   98.343  -1.089  -2.442     1.446  -3.348     0.697      99.156        TiO4C16H36+3C3H8->6C4H10+O2C+TiO2
52   4.599963e-01 -358.200    15.603  16   14.00  5.103  120.391 -11.519  131.675  136.287  -0.195  -2.333     1.605  -3.689     0.235     116.072       2TiO4C16H36->3CH4+5C5H12+4OC+2TiO2
5    4.556083e-01 -358.119    15.758   8   14.00  5.102  119.817 -11.531  132.195  136.824  -0.190  -2.344     1.585  -3.680    -0.847     116.437        TiO4C16H36->2C3H8+2C4H10+2OC+TiO2
92   4.198642e-01 -356.353     1.280  44   16.67  5.104   35.922  18.645   18.124   22.397  -1.481  -1.564     1.870  -3.098    -0.847      16.844      3TiO4C16H36+16H2->16C3H8+6OH2+3TiO2
77   4.173238e-01 -358.184    17.061  24   14.00  5.102  122.460 -11.168  133.618  138.124  -0.205  -2.325     1.707  -3.683     0.010     116.557      3TiO4C16H36->2CH4+10C4H10+6OC+3TiO2
12   3.973350e-01 -358.048    17.748   8   14.00  5.102  124.244 -10.827  135.052  139.548  -0.179  -2.311     1.674  -3.680     0.019     117.304        TiO4C16H36->2C2H6+2C5H12+2OC+TiO2
89   3.959837e-01 -357.635   -13.817  40   15.33  5.105  133.703   1.545  131.805  135.996  -0.655  -1.881     1.367  -3.022     0.353     145.622   3TiO4C16H36+14CH4->14C4H10+6OCH4+3TiO2
4    3.904017e-01 -358.110    17.988   8   14.00  5.102  124.180 -10.857  135.112  139.570  -0.196  -2.315     1.732  -3.679    -0.075     117.124         TiO4C16H36->C2H6+3C4H10+2OC+TiO2
9    3.871764e-01 -357.941    18.100   8   14.00  5.102  123.918 -10.858  135.190  139.705  -0.194  -2.312     1.668  -3.677    -0.414     117.090         TiO4C16H36->3C3H8+C5H12+2OC+TiO2
7    3.860912e-01 -358.018    18.143   8   14.00  5.101  123.984 -10.868  135.185  139.667  -0.200  -2.314     1.709  -3.677    -0.333     117.042        TiO4C16H36->2C3H8+2C4H10+2OC+TiO2
19   3.452894e-01 -358.372   -13.400  12   16.00  5.116   75.771  -7.326   83.944   89.811  -1.058  -2.530     1.077  -3.356    -0.847      97.344        TiO4C16H36+3C3H8->6C4H10+O2C+TiO2
105  3.137281e-01 -356.828   -23.064  52   12.40  5.108   42.412   7.939   35.320   40.475  -1.172  -1.851     0.998  -3.130    -0.847      58.384    5TiO4C16H36+16H2->16C5H12+10OH2+5TiO2
85   2.705055e-01 -357.872   -19.381  40   15.33  5.110  123.981  -0.001  124.829  129.359  -0.631  -1.950     1.079  -3.028    -0.847     144.210   3TiO4C16H36+14CH4->14C4H10+6OCH4+3TiO2
14   2.394673e-01 -357.673   -23.676  12   14.00  5.108  102.695   0.548  101.262  105.863  -0.892  -1.873     1.257  -3.093     0.885     124.938        TiO4C16H36+4CH4->4C5H12+2OH2+TiO2
84   2.391102e-01 -358.013   -20.865  40   15.33  5.112  121.817  -0.562  121.206  125.818  -0.678  -1.944     1.062  -3.052     1.173     142.071  3TiO4C16H36+14C2H6->14C5H12+6OCH4+3TiO2
17   2.250226e-01 -357.768    19.765  10   16.00  5.103  126.269 -10.417  137.533  141.983  -0.194  -2.299     1.711  -3.668    -0.847     117.768           TiO4C16H36+CH4->5C3H8+2OC+TiO2
23   2.176286e-01 -358.477    11.074  12   18.00  5.117  111.617 -12.875  126.205  131.060  -0.181  -2.407     1.419  -3.686    -1.713     115.131       TiO4C16H36+2C5H12->6C4H10+2OC+TiO2
82   2.161321e-01 -357.689    22.052  28   15.33  5.103  116.747  -8.376  125.970  130.412  -0.268  -2.267     1.766  -3.673    -0.847     103.918        3TiO4C16H36+2H2->14C3H8+6OC+3TiO2
95   1.653447e-01 -357.647   -21.342  44   16.67  5.105  106.005   1.109  104.371  108.801  -0.907  -1.860     1.420  -3.083     0.525     125.713    3TiO4C16H36+16CH4->16C4H10+6OH2+3TiO2
42   1.619992e-01 -357.297   -28.653  22   13.00  5.110  112.806  -1.967  115.620  120.668  -0.560  -2.048     0.613  -3.053    -0.847     144.273     2TiO4C16H36+7CH4->7C5H12+4OCH4+2TiO2
116  1.487479e-01 -357.880    25.020  64   15.71  5.103  128.293 -12.236  141.376  145.841  -0.094  -2.367     1.751  -3.755    -0.847     116.356      7TiO4C16H36+2OH2->32C3H8+16OC+7TiO2
90   1.429748e-01 -357.887    24.731  28   16.00  5.103  124.141 -12.586  137.574  142.080  -0.119  -2.374     1.767  -3.780    -0.847     112.843       3TiO4C16H36+OCH4->14C3H8+7OC+3TiO2
24   1.420323e-01 -358.172    18.228  12   18.00  5.108  124.116 -10.887  135.172  139.592  -0.213  -2.318     1.789  -3.678    -0.169     116.944       TiO4C16H36+2C5H12->6C4H10+2OC+TiO2
21   1.398214e-01 -357.834    18.452  12   18.00  5.105  123.592 -10.889  135.328  139.863  -0.209  -2.314     1.662  -3.674    -0.847     116.876         TiO4C16H36+2C2H6->6C3H8+2OC+TiO2
22   1.398185e-01 -358.682    18.385  12   18.00  5.118  121.902 -11.149  133.898  138.349  -0.228  -2.318     1.768  -3.673    -0.847     115.513       TiO4C16H36+2C5H12->6C4H10+2OC+TiO2
32   1.087056e-01 -357.051   -10.032  18   20.00  5.107  139.034   2.596  137.285  141.399  -0.639  -1.845     1.372  -3.002    -0.847     147.317        TiO4C16H36+7CH4->7C3H8+2OCH4+TiO2
68   9.451586e-02 -356.540    18.981  30   19.00  5.105   40.890  11.566   30.171   35.131  -1.510  -2.123     2.009  -3.336    -0.847      11.190       2TiO4C16H36+9H2->15C2H6+2O2C+2TiO2
93   8.693788e-02 -357.918   -27.701  44   16.67  5.112   94.895  -0.658   96.400  101.217  -0.880  -1.938     1.091  -3.090    -0.847     124.101    3TiO4C16H36+16CH4->16C4H10+6OH2+3TiO2
25   7.359045e-02 -358.378    25.539  12   18.00  5.110  134.402  -9.161  142.866  146.882  -0.259  -2.230     2.138  -3.665     0.697     117.327       TiO4C16H36+2C5H12->6C4H10+2OC+TiO2
94   7.115568e-02 -358.079   -29.397  44   16.67  5.116   92.421  -1.299   92.258   97.169  -0.934  -1.932     1.072  -3.117     1.462     121.655   3TiO4C16H36+16C2H6->16C5H12+6OH2+3TiO2
28   6.589478e-02 -355.997    18.577  18   20.00  5.104   48.422  25.688   23.581   27.313  -1.362  -1.458     2.123  -3.035    -0.847       5.004         TiO4C16H36+7H2->7C2H6+2OCH4+TiO2
55   5.801287e-02 -357.993    30.337  20   17.00  5.103  141.841 -13.633  156.321  160.330   0.244  -2.251     1.840  -3.842    -0.847     125.984         2TiO4C16H36+O2C->9C3H8+6OC+2TiO2
30   5.720929e-02 -358.157   -20.304  18   20.00  5.113  121.667  -0.632  121.345  125.870  -0.717  -1.953     1.195  -3.050     0.954     141.649      TiO4C16H36+7C2H6->7C4H10+2OCH4+TiO2
33   5.072707e-02 -357.515    -5.318  18   22.00  5.113   87.094  -5.402   93.343   98.928  -1.115  -2.440     1.308  -3.338    -0.847      98.661         TiO4C16H36+6C2H6->9C3H8+O2C+TiO2
27   5.046460e-02 -358.262   -21.687  18   20.00  5.129  122.577  -0.489  120.882  125.449  -0.643  -1.941     1.076  -3.059     2.184     142.569      TiO4C16H36+7C3H8->7C5H12+2OCH4+TiO2
127  3.923310e-02 -357.523    23.226  96   20.29  5.104   82.480 -10.464   93.791  100.109  -1.246  -3.083     1.653  -3.642    -0.847      70.565    7TiO4C16H36+18OH2->48C2H6+16O2C+7TiO2
15   3.720815e-02 -357.261   -38.298  12   14.00  5.113   82.123  -2.905   85.875   91.283  -0.798  -2.050     0.558  -3.118    -0.847     124.173        TiO4C16H36+4CH4->4C5H12+2OH2+TiO2
34   3.255752e-02 -355.775    15.680  20   22.00  5.105    8.541  28.701  -19.313  -15.410  -1.715  -1.376     2.285  -3.097    -0.847     -34.993          TiO4C16H36+8H2->8C2H6+2OH2+TiO2
87   3.043367e-02 -357.532   -37.923  40   15.33  5.120   97.816  -4.589  103.252  108.807  -0.569  -2.151     0.247  -3.082    -0.847     141.175  3TiO4C16H36+14C2H6->14C5H12+6OCH4+3TiO2
38   2.971688e-02 -356.981   -17.017  20   22.00  5.109  112.099   2.310  110.636  114.978  -0.890  -1.818     1.426  -3.060    -0.847     127.653         TiO4C16H36+8CH4->8C3H8+2OH2+TiO2
31   2.461712e-02 -358.513   -28.650  18   20.00  5.125  107.085  -2.952  110.884  115.916  -0.681  -2.056     0.764  -3.059    -0.847     139.534      TiO4C16H36+7C2H6->7C4H10+2OCH4+TiO2
29   1.138136e-02 -357.184    34.651  14   20.00  5.104   92.789   0.423   93.213   97.330  -0.472  -2.102     2.129  -3.672    -0.847      58.562           TiO4C16H36+3H2->7C2H6+2OC+TiO2
35   9.832800e-03 -358.244   -28.756  20   22.00  5.117   92.250  -1.379   92.418   97.229  -0.978  -1.942     1.224  -3.115     1.211     121.174       TiO4C16H36+8C2H6->8C4H10+2OH2+TiO2
37   8.051845e-03 -358.365   -30.336  20   22.00  5.138   93.291  -1.215   91.889   96.749  -0.894  -1.928     1.088  -3.126     2.617     122.225       TiO4C16H36+8C3H8->8C5H12+2OH2+TiO2
120  6.564185e-03 -357.518    19.708  84   24.40  5.107   27.331 -13.852   42.030   49.203  -1.777  -3.320     1.802  -3.878    -0.847      22.322   5TiO4C16H36+18OCH4->42C2H6+14O2C+5TiO2
91   3.091807e-03 -357.530   -48.892  44   16.67  5.125   64.992  -5.902   71.741   77.730  -0.809  -2.168     0.140  -3.152    -0.847     120.633   3TiO4C16H36+16C2H6->16C5H12+6OH2+3TiO2
36   2.630302e-03 -358.651   -38.295  20   22.00  5.132   75.585  -4.030   80.462   85.852  -0.937  -2.059     0.731  -3.125    -0.847     118.757       TiO4C16H36+8C2H6->8C4H10+2OH2+TiO2
26   1.340219e-03 -357.542   -47.275  18   20.00  5.146   86.577  -6.530   93.954   99.937  -0.480  -2.251    -0.147  -3.105    -0.847     141.229      TiO4C16H36+7C3H8->7C5H12+2OCH4+TiO2
41   1.285553e-03 -357.438    26.328  20   26.00  5.109  139.654  -8.057  148.558  152.587  -0.116  -2.222     1.952  -3.643    -0.847     122.230         TiO4C16H36+6CH4->10C2H6+2OC+TiO2
115  1.022145e-03 -358.029    46.035  64   21.20  5.103  143.337 -16.544  160.728  164.974   0.273  -2.538     2.036  -4.017    -0.847     114.693      5TiO4C16H36+6OH2->32C2H6+16OC+5TiO2
88   3.657978e-04 -358.074    46.707  28   23.00  5.104  126.064 -18.526  145.437  149.845   0.195  -2.586     2.134  -4.151    -0.847      98.730      2TiO4C16H36+3OCH4->14C2H6+7OC+2TiO2
39   3.616473e-05 -357.541   -59.580  20   22.00  5.160   52.147  -8.120   61.114   67.590  -0.707  -2.282    -0.310  -3.177    -0.847     120.694       TiO4C16H36+8C3H8->8C5H12+2OH2+TiO2
43   7.015454e-07 -358.471    65.992  16   26.00  5.103  196.587 -21.864  219.298  221.731   1.603  -2.062     2.371  -4.345    -0.847     153.306          TiO4C16H36+2O2C->6C2H6+6OC+TiO2




---------------------------------------------------------------------
10 reactions with the worst weights:
---------------------------------------------------------------------
           weight      dfH  drE_corr  dn  n+|dn|      u      drH    ddrH      drE  drE_CBS  drE_CV  drE_IT  drE_TPNO  drE_SR  ddrHconf  drE_HF_CBS                                reaction
43   7.015454e-07 -358.471    65.992  16   26.00  5.103  196.587 -21.864  219.298  221.731   1.603  -2.062     2.371  -4.345    -0.847     153.306         TiO4C16H36+2O2C->6C2H6+6OC+TiO2
39   3.616473e-05 -357.541   -59.580  20   22.00  5.160   52.147  -8.120   61.114   67.590  -0.707  -2.282    -0.310  -3.177    -0.847     120.694      TiO4C16H36+8C3H8->8C5H12+2OH2+TiO2
88   3.657978e-04 -358.074    46.707  28   23.00  5.104  126.064 -18.526  145.437  149.845   0.195  -2.586     2.134  -4.151    -0.847      98.730     2TiO4C16H36+3OCH4->14C2H6+7OC+2TiO2
115  1.022145e-03 -358.029    46.035  64   21.20  5.103  143.337 -16.544  160.728  164.974   0.273  -2.538     2.036  -4.017    -0.847     114.693     5TiO4C16H36+6OH2->32C2H6+16OC+5TiO2
41   1.285553e-03 -357.438    26.328  20   26.00  5.109  139.654  -8.057  148.558  152.587  -0.116  -2.222     1.952  -3.643    -0.847     122.230        TiO4C16H36+6CH4->10C2H6+2OC+TiO2
26   1.340219e-03 -357.542   -47.275  18   20.00  5.146   86.577  -6.530   93.954   99.937  -0.480  -2.251    -0.147  -3.105    -0.847     141.229     TiO4C16H36+7C3H8->7C5H12+2OCH4+TiO2
36   2.630302e-03 -358.651   -38.295  20   22.00  5.132   75.585  -4.030   80.462   85.852  -0.937  -2.059     0.731  -3.125    -0.847     118.757      TiO4C16H36+8C2H6->8C4H10+2OH2+TiO2
91   3.091807e-03 -357.530   -48.892  44   16.67  5.125   64.992  -5.902   71.741   77.730  -0.809  -2.168     0.140  -3.152    -0.847     120.633  3TiO4C16H36+16C2H6->16C5H12+6OH2+3TiO2
120  6.564185e-03 -357.518    19.708  84   24.40  5.107   27.331 -13.852   42.030   49.203  -1.777  -3.320     1.802  -3.878    -0.847      22.322  5TiO4C16H36+18OCH4->42C2H6+14O2C+5TiO2
37   8.051845e-03 -358.365   -30.336  20   22.00  5.138   93.291  -1.215   91.889   96.749  -0.894  -1.928     1.088  -3.126     2.617     122.225      TiO4C16H36+8C3H8->8C5H12+2OH2+TiO2




---------------------------------------------------------------------
10 reactions with the worst dHf:
---------------------------------------------------------------------
           weight      dfH  drE_corr  dn  n+|dn|      u      drH    ddrH      drE  drE_CBS  drE_CV  drE_IT  drE_TPNO  drE_SR  ddrHconf  drE_HF_CBS                             reaction
22   1.398185e-01 -358.682    18.385  12    18.0  5.118  121.902 -11.149  133.898  138.349  -0.228  -2.318     1.768  -3.673    -0.847     115.513   TiO4C16H36+2C5H12->6C4H10+2OC+TiO2
36   2.630302e-03 -358.651   -38.295  20    22.0  5.132   75.585  -4.030   80.462   85.852  -0.937  -2.059     0.731  -3.125    -0.847     118.757   TiO4C16H36+8C2H6->8C4H10+2OH2+TiO2
31   2.461712e-02 -358.513   -28.650  18    20.0  5.125  107.085  -2.952  110.884  115.916  -0.681  -2.056     0.764  -3.059    -0.847     139.534  TiO4C16H36+7C2H6->7C4H10+2OCH4+TiO2
23   2.176286e-01 -358.477    11.074  12    18.0  5.117  111.617 -12.875  126.205  131.060  -0.181  -2.407     1.419  -3.686    -1.713     115.131   TiO4C16H36+2C5H12->6C4H10+2OC+TiO2
43   7.015454e-07 -358.471    65.992  16    26.0  5.103  196.587 -21.864  219.298  221.731   1.603  -2.062     2.371  -4.345    -0.847     153.306      TiO4C16H36+2O2C->6C2H6+6OC+TiO2
49   5.899576e-01 -358.442    11.038  16    14.0  5.105  122.120 -13.897  136.864  141.631  -0.132  -2.401     1.450  -3.684    -0.847     125.826     2TiO4C16H36->H2+7C4H10+4OC+2TiO2
109  5.915777e-01 -358.393    10.986  40    14.0  5.104  136.826 -15.327  151.788  156.435  -0.062  -2.394     1.492  -3.683     0.365     140.802  5TiO4C16H36->6H2+14C5H12+10OC+5TiO2
25   7.359045e-02 -358.378    25.539  12    18.0  5.110  134.402  -9.161  142.866  146.882  -0.259  -2.230     2.138  -3.665     0.697     117.327   TiO4C16H36+2C5H12->6C4H10+2OC+TiO2
19   3.452894e-01 -358.372   -13.400  12    16.0  5.116   75.771  -7.326   83.944   89.811  -1.058  -2.530     1.077  -3.356    -0.847      97.344    TiO4C16H36+3C3H8->6C4H10+O2C+TiO2
37   8.051845e-03 -358.365   -30.336  20    22.0  5.138   93.291  -1.215   91.889   96.749  -0.894  -1.928     1.088  -3.126     2.617     122.225   TiO4C16H36+8C3H8->8C5H12+2OH2+TiO2
