---------------------------------------------------------------------
Results for m1_00_TiOnPr4-PBE0-D3-TZ_TiCl4.all 

Average dfH = -337.64 

Uncertainty = 1.75
Computational contribution = 1.58
Experimental contribution = 0.74
---------------------------------------------------------------------
Number of reactions with all coeficients ≤  10 : 195  of  301
Parameters:
h1 = 8.75 
h2 = 33.94 

Summ of all weights = 67.47
---------------------------------------------------------------------
Average values and MSE of reaction characteristics:

                      Mean       St dev
          dfH      -337.64         0.79
     drE_corr        11.03        14.71
    n+dn_priv        16.63         2.55
          drH       -46.95        42.54
         ddrH         4.24         9.42
          drE       -51.05        43.64
      drE_CBS       -52.73        43.02
       drE_IT        -0.90         0.50
       drE_CV         1.14         0.66
       drE_SR        -0.51         0.27
   drE_HF_CBS       -62.08        41.06
     ddrHconf        -0.15         0.59
          u/2         0.37         0.02


---------------------------------------------------------------------
195 reactions with the best weights:
---------------------------------------------------------------------
           weight      dfH  drE_corr   dn  n+|dn|      u      drH    ddrH      drE  drE_CBS  drE_CV  drE_IT  drE_TPNO  drE_SR  ddrHconf  drE_HF_CBS                                          reaction
196  1.000000e+00 -338.142     1.740   46   13.00  0.729  -61.034   2.627  -63.096  -64.454   1.248  -1.040     1.688  -0.538    -0.565     -64.836       4TiO4C12H28+16ClH->9C5H12+3O2C+10OH2+4TiCl4
197  9.508719e-01 -338.373     9.965   46   13.00  0.717  -49.462   4.569  -54.440  -56.253   1.195  -0.940     2.081  -0.523     0.409     -64.405       4TiO4C12H28+16ClH->9C5H12+3O2C+10OH2+4TiCl4
7    9.299045e-01 -338.014     5.311   14   14.00  0.736    7.442   8.247   -0.240   -2.863   1.877  -0.646     1.613  -0.221    -0.565      -5.551          TiO4C12H28+2CH4+4ClH->2C5H12+4OCH4+TiCl4
240  9.212847e-01 -337.865     6.221   74   14.80  0.720  -71.364  16.576  -88.414  -90.991   1.063  -0.395     2.254  -0.345     0.474     -94.635      5TiO4C12H28+12H2+20ClH->12C5H12+20OH2+5TiCl4
243  9.115941e-01 -337.618    -2.552   74   14.80  0.734  -83.707  14.505  -97.647  -99.738   1.119  -0.502     1.834  -0.360    -0.565     -95.095      5TiO4C12H28+12H2+20ClH->12C5H12+20OH2+5TiCl4
256  9.097727e-01 -338.145    11.776   78   12.29  0.723  -15.508   4.858  -19.801  -21.804   1.625  -0.944     1.722  -0.400    -0.565     -31.577     7TiO4C12H28+28ClH->12C5H12+4O2C+20OCH4+7TiCl4
264  9.022375e-01 -336.817     3.691   82   13.43  0.760  -59.687  -1.727  -57.395  -58.231   1.002  -1.055     1.500  -0.611    -0.565     -61.086   7TiO4C12H28+28ClCH3->18C5H12+6O2C+16OCH4+7TiCl4
2    8.880922e-01 -337.123     6.629   12   14.00  0.748  -80.679  -0.923  -80.490  -81.417   0.630  -0.998     1.997  -0.702     0.734     -87.119          TiO4C12H28+4ClCH3->3C5H12+O2C+2OH2+TiCl4
226  8.682860e-01 -337.797    12.929   66   13.20  0.727  -12.414  13.669  -25.518  -28.267   1.690  -0.547     1.833  -0.227    -0.565     -38.447       5TiO4C12H28+8H2+20ClH->8C5H12+20OCH4+5TiCl4
1    8.587776e-01 -336.814    -4.338   12   14.00  0.769  -96.108  -3.512  -92.031  -92.352   0.700  -1.131     1.473  -0.721    -0.565     -87.693          TiO4C12H28+4ClCH3->3C5H12+O2C+2OH2+TiCl4
5    8.528911e-01 -338.219    12.622   14   14.00  0.726   17.727   9.973    7.453    4.426   1.830  -0.558     1.963  -0.208     0.301      -5.169          TiO4C12H28+2CH4+4ClH->2C5H12+4OCH4+TiCl4
15   8.318000e-01 -338.251    -3.012   16   16.00  0.731  -38.495   8.961  -48.190  -50.698   1.329  -0.518     2.029  -0.332     0.734     -45.178           TiO4C12H28+3CH4+4ClH->3C5H12+4OH2+TiCl4
187  8.291622e-01 -338.148     0.014   46   15.33  0.757   -1.124   6.748   -7.307   -9.640   1.872  -0.705     1.404  -0.238    -0.565      -7.321     3TiO4C12H28+8C2H6+12ClH->8C5H12+12OCH4+3TiCl4
245  8.270372e-01 -336.295     5.420   74   14.80  0.763  -55.045  11.489  -65.969  -67.926   1.100  -0.459     1.667  -0.351    -0.565     -71.389   5TiO4C12H28+12H2+20ClCH3->12C5H12+20OCH4+5TiCl4
265  8.209767e-01 -337.082    13.091   82   13.43  0.744  -46.463   0.492  -47.504  -48.860   0.942  -0.941     1.949  -0.594     0.549     -60.595   7TiO4C12H28+28ClCH3->18C5H12+6O2C+16OCH4+7TiCl4
13   8.192338e-01 -337.906     6.265   16   16.00  0.727  -83.969  17.802 -101.206 -103.678   1.003  -0.402     2.217  -0.346    -0.565    -107.471            TiO4C12H28+3H2+4ClH->3C4H10+4OH2+TiCl4
16   8.124492e-01 -337.754     9.842   16   16.00  0.712  -77.719  18.796  -96.722  -99.411   0.988  -0.358     2.402  -0.343     0.207    -106.564            TiO4C12H28+3H2+4ClH->3C4H10+4OH2+TiCl4
186  7.998343e-01 -338.342    10.610   46   15.33  0.734   13.828   9.370    5.023    2.104   1.836  -0.590     1.880  -0.207    -0.565      -5.587      3TiO4C12H28+8CH4+12ClH->8C4H10+12OCH4+3TiCl4
189  7.988063e-01 -338.423     9.762   46   15.33  0.740   12.591   9.050    2.951    0.080   1.809  -0.587     1.870  -0.221     0.590      -6.811     3TiO4C12H28+8C2H6+12ClH->8C5H12+12OCH4+3TiCl4
258  7.887617e-01 -338.322    18.042   78   12.29  0.716   -6.692   6.337  -13.206  -15.555   1.585  -0.868     2.021  -0.389     0.177     -31.248     7TiO4C12H28+28ClH->12C5H12+4O2C+20OCH4+7TiCl4
188  7.728164e-01 -338.207    13.789   46   15.33  0.722   19.383  10.254    9.008    5.895   1.822  -0.551     2.045  -0.203     0.121      -4.781      3TiO4C12H28+8CH4+12ClH->8C4H10+12OCH4+3TiCl4
9    7.592210e-01 -336.929     4.961   16   16.00  0.760   -9.833   5.945  -16.512  -18.885   1.310  -0.476     1.862  -0.323     0.734     -21.473        TiO4C12H28+3CH4+4ClCH3->3C5H12+4OCH4+TiCl4
250  7.587076e-01 -336.445     1.637   82   16.40  0.752 -109.881  15.087 -125.789 -127.734   0.454  -0.272     2.227  -0.464     0.821    -127.426    5TiO4C12H28+16H2+20ClCH3->16C5H12+20OH2+5TiCl4
229  7.515535e-01 -337.962    18.777   66   13.20  0.721   -4.185  15.049  -19.362  -22.435   1.653  -0.476     2.113  -0.217     0.128     -38.139       5TiO4C12H28+8H2+20ClH->8C5H12+20OCH4+5TiCl4
242  7.391674e-01 -336.542    14.193   74   14.80  0.749  -42.702  13.560  -56.736  -59.178   1.044  -0.353     2.087  -0.336     0.474     -70.929   5TiO4C12H28+12H2+20ClCH3->12C5H12+20OCH4+5TiCl4
227  7.331637e-01 -338.272    19.358   58   13.20  0.723    5.333   3.563    2.335   -0.260   2.046  -0.805     1.836  -0.482    -0.565     -17.023       5TiO4C12H28+20ClH->8C5H12+16OCH4+4OC+5TiCl4
6    7.244462e-01 -337.990    18.807   14   14.00  0.724  -12.588  15.867  -27.890  -30.894   1.613  -0.480     2.088  -0.217    -0.565     -46.697           TiO4C12H28+2H2+4ClH->2C4H10+4OCH4+TiCl4
11   7.118317e-01 -336.620    -6.005   16   16.00  0.781  -25.262   3.356  -28.053  -29.820   1.380  -0.608     1.338  -0.343    -0.565     -22.048        TiO4C12H28+3CH4+4ClCH3->3C5H12+4OCH4+TiCl4
238  7.077770e-01 -337.007    15.065   62   14.80  0.757  -28.425  -3.670  -24.190  -25.915   1.634  -0.846     1.671  -0.734    -0.565     -39.255    5TiO4C12H28+20ClCH3->12C5H12+14OCH4+6OC+5TiCl4
4    6.780878e-01 -337.888    21.191   14   14.00  0.718   -8.422  16.529  -24.901  -28.050   1.603  -0.451     2.212  -0.215    -0.050     -46.092           TiO4C12H28+2H2+4ClH->2C4H10+4OCH4+TiCl4
30   6.709504e-01 -338.232    -1.261   18   18.00  0.722  -36.012   9.382  -45.858  -48.493   1.317  -0.508     2.151  -0.325     0.464     -44.597           TiO4C12H28+4CH4+4ClH->4C4H10+4OH2+TiCl4
241  6.705262e-01 -338.135    20.747   62   14.80  0.712  -51.811   2.727  -53.973  -55.486   1.116  -1.168     2.188  -0.623    -0.565     -74.720        5TiO4C12H28+20ClH->18C3H8+6O2C+8OH2+5TiCl4
12   6.686196e-01 -337.942   -13.978   16   16.00  0.752  -53.924   6.372  -59.731  -61.632   1.399  -0.651     1.505  -0.352    -0.565     -45.753           TiO4C12H28+3CH4+4ClH->3C5H12+4OH2+TiCl4
14   6.556439e-01 -336.584    14.237   16   16.00  0.757  -55.307  14.786  -69.528  -71.866   0.984  -0.359     2.050  -0.337    -0.565     -83.765         TiO4C12H28+3H2+4ClCH3->3C4H10+4OCH4+TiCl4
252  6.540992e-01 -336.116   -10.060   82   16.40  0.776 -126.339  12.325 -138.099 -139.397   0.529  -0.414     1.668  -0.485    -0.565    -128.039    5TiO4C12H28+16H2+20ClCH3->16C5H12+20OH2+5TiCl4
47   6.382606e-01 -337.503    -9.032   18   18.00  0.715 -127.677  10.552 -137.664 -136.619  -0.777  -1.821     1.694  -0.141    -0.565    -128.632             TiO4C12H28+4OC+4ClH->4C3H8+4O2C+TiCl4
41   6.255656e-01 -339.015     8.893   14   18.00  0.723  -23.245 -17.169   -5.511   -5.647   1.462  -1.936     1.443  -0.833    -0.565     -14.404            TiO4C12H28+4ClH->4H2+2C5H12+2O2C+TiCl4
182  6.196277e-01 -338.725    21.162   38   15.33  0.721  -30.597   0.313  -30.345  -32.738   1.800  -0.857     2.178  -0.728    -0.565     -51.507         3TiO4C12H28+12ClH->8C4H10+8OH2+4OC+3TiCl4
10   6.177757e-01 -336.432    17.814   16   16.00  0.742  -49.057  15.780  -65.044  -67.600   0.969  -0.315     2.235  -0.333     0.207     -82.858         TiO4C12H28+3H2+4ClCH3->3C4H10+4OCH4+TiCl4
48   6.174847e-01 -336.490     6.116   16   18.00  0.741 -121.743   0.534 -121.712 -120.961  -0.422  -1.629     1.893  -0.593    -0.565    -127.828           TiO4C12H28+2OC+4ClCH3->5C3H8+3O2C+TiCl4
50   6.167993e-01 -336.297     6.465   18   18.00  0.740 -118.355  18.046 -136.865 -138.961   0.354  -0.222     2.425  -0.461     0.464    -143.330          TiO4C12H28+4H2+4ClCH3->4C4H10+4OH2+TiCl4
33   6.065249e-01 -338.435    -6.031   18   18.00  0.748  -44.345   8.057  -51.837  -54.183   1.338  -0.567     1.905  -0.330    -0.565     -45.806           TiO4C12H28+4CH4+4ClH->4C4H10+4OH2+TiCl4
0    6.037705e-01 -338.139    24.604   12   14.00  0.711  -21.480   4.272  -25.187  -27.125   1.402  -1.080     2.128  -0.512    -0.565     -49.791            TiO4C12H28+4ClH->3C3H8+O2C+2OCH4+TiCl4
261  6.006093e-01 -337.513     1.385   70   18.00  0.763  -65.876 -19.349  -45.962  -45.304   0.872  -1.849     1.277  -0.958    -0.565     -47.347    5TiO4C12H28+20ClCH3->16H2+14C5H12+10O2C+5TiCl4
51   5.969762e-01 -336.501     1.696   18   18.00  0.765 -126.687  16.721 -142.843 -144.649   0.375  -0.281     2.178  -0.466    -0.565    -144.539          TiO4C12H28+4H2+4ClCH3->4C4H10+4OH2+TiCl4
31   5.955931e-01 -336.910     6.711   18   18.00  0.752   -7.350   6.366  -14.180  -16.680   1.298  -0.466     1.984  -0.316     0.464     -20.891        TiO4C12H28+4CH4+4ClCH3->4C4H10+4OCH4+TiCl4
225  5.945267e-01 -338.437    25.207   58   13.20  0.717   13.562   4.944    8.490    5.572   2.009  -0.734     2.115  -0.472     0.128     -16.717       5TiO4C12H28+20ClH->8C5H12+16OCH4+4OC+5TiCl4
21   5.824198e-01 -338.505    10.082   18   18.00  0.742   12.505   9.009    3.032    0.109   1.787  -0.592     1.947  -0.219     0.464      -7.050         TiO4C12H28+4C2H6+4ClH->4C4H10+4OCH4+TiCl4
19   5.809406e-01 -338.709     5.313   18   18.00  0.767    4.173   7.684   -2.946   -5.579   1.808  -0.651     1.700  -0.224    -0.565      -8.259         TiO4C12H28+4C2H6+4ClH->4C4H10+4OCH4+TiCl4
36   5.782298e-01 -337.113     1.942   18   18.00  0.777  -15.683   5.041  -20.159  -22.370   1.319  -0.525     1.738  -0.321    -0.565     -22.101        TiO4C12H28+4CH4+4ClCH3->4C4H10+4OCH4+TiCl4
17   5.759082e-01 -338.556    -7.302   18   18.00  0.762  -46.200   7.576  -54.943  -57.217   1.297  -0.562     1.890  -0.351     1.167     -47.641          TiO4C12H28+4C2H6+4ClH->4C5H12+4OH2+TiCl4
183  5.635738e-01 -338.590    24.341   38   15.33  0.710  -25.042   1.197  -26.360  -28.945   1.786  -0.818     2.342  -0.725     0.121     -50.701         3TiO4C12H28+12ClH->8C4H10+8OH2+4OC+3TiCl4
260  5.612281e-01 -337.802    11.621   70   18.00  0.745  -51.476 -16.933  -35.191  -35.099   0.806  -1.725     1.766  -0.939     0.648     -46.812    5TiO4C12H28+20ClCH3->16H2+14C5H12+10O2C+5TiCl4
18   5.609710e-01 -337.234     0.671   18   18.00  0.790  -17.538   4.560  -23.265  -25.404   1.278  -0.520     1.723  -0.342     1.167     -23.936       TiO4C12H28+4C2H6+4ClCH3->4C5H12+4OCH4+TiCl4
43   5.530388e-01 -337.261    15.706   18   18.00  0.715  -88.575  22.534 -110.544 -113.296   0.887  -0.286     2.488  -0.337    -0.565    -126.250             TiO4C12H28+4H2+4ClH->4C3H8+4OH2+TiCl4
150  5.473453e-01 -337.850    11.672   28   18.00  0.754  -66.181 -15.502  -50.114  -49.901   0.737  -1.732     1.723  -0.941    -0.565     -61.786        2TiO4C12H28+8ClCH3->5H2+7C4H10+4O2C+2TiCl4
56   5.469912e-01 -339.221    16.204   14   18.00  0.714  -12.959 -15.443    2.183    1.644   1.415  -1.848     1.792  -0.820     0.301     -14.021            TiO4C12H28+4ClH->4H2+2C5H12+2O2C+TiCl4
233  5.448479e-01 -337.255    23.838   62   14.80  0.744  -16.082  -1.599  -14.957  -17.166   1.577  -0.740     2.090  -0.718     0.474     -38.795    5TiO4C12H28+20ClCH3->12C5H12+14OCH4+6OC+5TiCl4
151  5.388482e-01 -339.256    16.241   28   18.00  0.719  -23.463 -14.422   -8.476   -8.927   1.365  -1.853     1.761  -0.822    -0.565     -24.717          2TiO4C12H28+8ClH->7H2+5C4H10+4O2C+2TiCl4
52   5.382351e-01 -338.565     9.292   18   18.00  0.777   13.025   9.091    2.767   -0.130   1.829  -0.585     1.878  -0.225     1.167      -6.525         TiO4C12H28+4C3H8+4ClH->4C5H12+4OCH4+TiCl4
253  5.368853e-01 -336.806    21.006   66   16.40  0.739  -83.810  -3.379  -79.866  -80.392   0.524  -1.303     2.140  -0.835    -0.565    -100.872      5TiO4C12H28+20ClCH3->24C3H8+8O2C+4OH2+5TiCl4
3    5.342038e-01 -338.583    26.844   12   14.00  0.719    9.595   3.234    6.926    4.115   2.058  -0.802     2.091  -0.536    -0.565     -19.918            TiO4C12H28+4ClH->2C4H10+3OCH4+OC+TiCl4
39   5.337168e-01 -336.960   -10.673   18   18.00  0.771  -66.056   4.933  -72.156  -74.009   0.809  -0.436     1.927  -0.447     1.167     -61.483         TiO4C12H28+4CH4+4ClCH3->4C5H12+4OH2+TiCl4
178  5.319168e-01 -337.560    25.101   46   15.33  0.719  -15.659  19.022  -34.116  -37.307   1.536  -0.403     2.269  -0.211    -0.565     -59.217        3TiO4C12H28+8H2+12ClH->8C3H8+12OCH4+3TiCl4
29   5.298695e-01 -337.873    15.952   18   18.00  0.728   22.429  10.854   12.140    8.983   1.831  -0.530     2.048  -0.192    -0.565      -3.812           TiO4C12H28+4CH4+4ClH->4C3H8+4OCH4+TiCl4
149  5.213623e-01 -337.672    15.845   28   18.00  0.735  -58.890 -14.343  -44.883  -44.923   0.718  -1.680     1.939  -0.937     0.336     -60.728        2TiO4C12H28+8ClCH3->5H2+7C4H10+4O2C+2TiCl4
118  5.210429e-01 -336.808    22.934   26   16.00  0.738  -68.645  -2.606  -65.474  -66.214   0.668  -1.259     2.110  -0.779    -0.565     -88.408       2TiO4C12H28+8ClCH3->9C3H8+3O2C+2OCH4+2TiCl4
45   5.169841e-01 -338.154    -5.329   18   18.00  0.813   -7.546   5.639  -12.620  -14.709   1.923  -0.762     1.179  -0.251    -0.565      -7.291         TiO4C12H28+4C3H8+4ClH->4C5H12+4OCH4+TiCl4
152  5.069948e-01 -339.129    19.222   28   18.00  0.708  -18.255 -13.594   -4.739   -5.373   1.352  -1.816     1.916  -0.818     0.078     -23.961          2TiO4C12H28+8ClH->7H2+5C4H10+4O2C+2TiCl4
34   4.991733e-01 -337.081    16.620   14   18.00  0.743 -105.587  -8.505  -96.517  -96.113   0.498  -1.650     1.717  -0.969    -0.565    -113.137         TiO4C12H28+4ClCH3->4CH4+2C5H12+2O2C+TiCl4
8    4.850759e-01 -338.482    29.228   12   14.00  0.712   13.762   3.897    9.915    6.960   2.047  -0.773     2.215  -0.534    -0.050     -19.313            TiO4C12H28+4ClH->2C4H10+3OCH4+OC+TiCl4
55   4.786534e-01 -336.539   -18.273   18   18.00  0.740 -157.457   6.064 -163.985 -162.285  -1.310  -1.756     1.631  -0.265     0.464    -145.712          TiO4C12H28+4OC+4ClCH3->4C4H10+4O2C+TiCl4
289  4.638500e-01 -337.593    21.558  122   17.11  0.755  -55.526  -6.597  -48.364  -50.064   1.436  -0.888     2.127  -0.975    -0.565     -69.922    9TiO4C12H28+36ClCH3->32C4H10+20OH2+16OC+9TiCl4
117  4.370450e-01 -337.474    26.293   26   16.00  0.750  -22.032  -4.163  -17.304  -19.351   1.651  -0.843     2.054  -0.815    -0.565     -43.597       2TiO4C12H28+8ClCH3->6C4H10+5OCH4+3OC+2TiCl4
201  4.362455e-01 -337.928    22.661   46   18.00  0.717  -79.013   3.235  -81.683  -82.039   0.431  -1.653     2.167  -0.589    -0.565    -104.344         3TiO4C12H28+4OC+12ClH->16C2H6+8O2C+3TiCl4
22   4.345919e-01 -336.822   -13.951   18   18.00  0.825  -38.110   1.108  -38.653  -39.985   1.372  -0.697     1.024  -0.367    -0.565     -24.702       TiO4C12H28+4C2H6+4ClCH3->4C5H12+4OCH4+TiCl4
204  4.214953e-01 -337.409    21.918   42   18.00  0.740  -99.201  -7.382  -91.254  -91.146   0.458  -1.594     1.983  -0.955    -0.565    -113.172     3TiO4C12H28+12ClCH3->10CH4+8C4H10+6O2C+3TiCl4
199  4.195073e-01 -338.718    24.108   42   18.00  0.710  -27.301 -10.478  -16.258  -16.943   1.268  -1.757     1.988  -0.814    -0.565     -40.366         3TiO4C12H28+12ClH->8H2+10C3H8+6O2C+3TiCl4
200  4.113667e-01 -337.098    22.686   42   18.00  0.738  -71.555  -9.981  -61.009  -61.123   0.601  -1.597     2.040  -0.930    -0.565     -83.695       3TiO4C12H28+12ClCH3->4H2+14C3H8+6O2C+3TiCl4
290  4.111498e-01 -337.412    25.798  122   17.11  0.735  -48.119  -5.418  -43.051  -45.007   1.417  -0.836     2.346  -0.971     0.350     -68.849    9TiO4C12H28+36ClCH3->32C4H10+20OH2+16OC+9TiCl4
38   3.965097e-01 -337.287    23.931   14   18.00  0.733  -95.301  -6.779  -88.823  -88.824   0.452  -1.561     2.066  -0.956     0.301    -112.754         TiO4C12H28+4ClCH3->4CH4+2C5H12+2O2C+TiCl4
49   3.878735e-01 -335.939    23.678   18   18.00  0.745  -59.913  19.519  -78.867  -81.484   0.868  -0.244     2.321  -0.328    -0.565    -102.545          TiO4C12H28+4H2+4ClCH3->4C3H8+4OCH4+TiCl4
116  3.822412e-01 -337.322    29.870   26   16.00  0.735  -15.782  -3.168  -12.821  -15.086   1.636  -0.798     2.239  -0.812     0.207     -42.691       2TiO4C12H28+8ClCH3->6C4H10+5OCH4+3OC+2TiCl4
198  3.814488e-01 -337.274    25.098   42   18.00  0.729  -93.646  -6.498  -87.269  -87.355   0.444  -1.555     2.148  -0.951     0.121    -112.367     3TiO4C12H28+12ClCH3->10CH4+8C4H10+6O2C+3TiCl4
54   3.774695e-01 -336.742   -23.042   18   18.00  0.765 -165.790   4.739 -169.964 -167.973  -1.290  -1.815     1.384  -0.270    -0.565    -146.922          TiO4C12H28+4OC+4ClCH3->4C4H10+4O2C+TiCl4
42   3.623692e-01 -338.144   -21.924   18   18.00  0.798  -66.772   4.124  -70.331  -71.797   1.391  -0.739     1.191  -0.377    -0.565     -48.407          TiO4C12H28+4C2H6+4ClH->4C5H12+4OH2+TiCl4
35   3.548640e-01 -338.475    27.937   14   18.00  0.708  -72.883  -3.614  -68.704  -69.155   0.995  -1.688     1.992  -0.848    -0.565     -96.641            TiO4C12H28+4ClH->5CH4+C5H12+2O2C+TiCl4
216  3.522553e-01 -336.935    -8.339   62   20.67  0.757  -62.745   5.495  -69.047  -71.070   0.793  -0.423     2.091  -0.438     0.807     -60.708   3TiO4C12H28+16CH4+12ClCH3->16C4H10+12OH2+3TiCl4
26   3.410386e-01 -336.941    27.261   14   18.00  0.734  -90.599  -5.898  -84.136  -84.266   0.453  -1.534     2.151  -0.940    -0.565    -111.397          TiO4C12H28+4ClCH3->2CH4+4C3H8+2O2C+TiCl4
205  3.381023e-01 -336.811    27.214   42   18.00  0.738  -88.457  -5.508  -82.384  -82.560   0.509  -1.532     2.135  -0.936    -0.565    -109.598    3TiO4C12H28+12ClCH3->16C2H6+2C5H12+6O2C+3TiCl4
255  3.287899e-01 -338.140    32.946   66   16.40  0.714  -41.401   1.455  -42.291  -43.701   1.182  -1.373     2.293  -0.692    -0.565     -75.237       5TiO4C12H28+20ClH->24C2H6+8O2C+4OCH4+5TiCl4
214  3.244890e-01 -335.640    14.284   62   20.67  0.744 -132.829  23.031 -155.295 -157.474   0.219  -0.127     2.540  -0.453    -0.565    -169.579     3TiO4C12H28+16H2+12ClCH3->16C3H8+12OH2+3TiCl4
278  3.244506e-01 -338.139    32.165   94   16.86  0.716  -53.656   0.702  -53.793  -55.012   1.064  -1.426     2.326  -0.745    -0.565     -85.958       7TiO4C12H28+28ClH->36C2H6+12O2C+4OH2+7TiCl4
20   3.188273e-01 -336.952    28.539   14   18.00  0.736  -87.132  -5.274  -81.293  -81.544   0.493  -1.518     2.209  -0.933    -0.565    -109.832         TiO4C12H28+4ClCH3->5C2H6+C4H10+2O2C+TiCl4
203  3.110606e-01 -338.639    30.586   42   18.00  0.707  -69.690  -3.053  -66.072  -66.673   0.975  -1.660     2.126  -0.840    -0.565     -96.658       3TiO4C12H28+12ClH->14CH4+4C4H10+6O2C+3TiCl4
32   3.086040e-01 -336.548   -25.295   18   18.00  0.807  -86.628   1.481  -87.544  -88.589   0.902  -0.613     1.229  -0.473    -0.565     -62.249         TiO4C12H28+4CH4+4ClCH3->4C5H12+4OH2+TiCl4
185  3.077797e-01 -338.351    35.817   38   15.33  0.712   13.919   2.178   12.306    9.374   2.128  -0.833     2.273  -0.636    -0.565     -23.511         3TiO4C12H28+12ClH->8C3H8+8OCH4+4OC+3TiCl4
277  3.047434e-01 -338.406    33.510   94   16.86  0.711  -19.296  -0.627  -18.104  -20.712   1.927  -0.889     2.400  -0.830    -0.565     -51.614       7TiO4C12H28+28ClH->24C3H8+16OH2+12OC+7TiCl4
27   3.010371e-01 -336.809    29.886   14   18.00  0.732  -85.245  -4.954  -79.726  -80.025   0.484  -1.503     2.247  -0.929    -0.565    -109.612         TiO4C12H28+4ClCH3->4C2H6+2C3H8+2O2C+TiCl4
40   3.009894e-01 -336.901    29.731   14   18.00  0.735  -85.049  -4.943  -79.799  -80.123   0.488  -1.503     2.270  -0.931    -0.307    -109.530         TiO4C12H28+4ClCH3->5C2H6+C4H10+2O2C+TiCl4
202  3.005951e-01 -336.880    29.651   42   18.00  0.737  -85.028  -4.933  -79.819  -80.130   0.494  -1.502     2.251  -0.932    -0.276    -109.470    3TiO4C12H28+12ClCH3->16C2H6+2C5H12+6O2C+3TiCl4
37   2.962949e-01 -338.577    31.592   14   18.00  0.705  -67.741  -2.751  -64.858  -65.513   0.972  -1.643     2.167  -0.841    -0.132     -96.450            TiO4C12H28+4ClH->5CH4+C5H12+2O2C+TiCl4
60   2.886832e-01 -337.732     1.983   22   22.00  0.735  -31.442  10.283  -41.160  -43.862   1.331  -0.477     2.156  -0.308    -0.565     -43.143            TiO4C12H28+6CH4+4ClH->6C3H8+4OH2+TiCl4
206  2.877013e-01 -338.571    32.175   42   18.00  0.704  -66.913  -2.611  -64.080  -64.777   0.968  -1.640     2.208  -0.839    -0.222     -96.255       3TiO4C12H28+12ClH->14CH4+4C4H10+6O2C+3TiCl4
218  2.777426e-01 -337.206   -14.698   62   20.67  0.800  -73.856   3.728  -77.019  -78.657   0.821  -0.501     1.762  -0.444    -0.565     -62.321   3TiO4C12H28+16CH4+12ClCH3->16C4H10+12OH2+3TiCl4
44   2.716279e-01 -337.271    32.300   18   18.00  0.722  -29.349  24.049  -52.833  -56.209   1.419  -0.309     2.477  -0.211    -0.565     -85.133            TiO4C12H28+4H2+4ClH->4C2H6+4OCH4+TiCl4
28   2.697855e-01 -338.404    33.257   14   18.00  0.705  -65.390  -2.311  -62.514  -63.233   0.973  -1.630     2.209  -0.833    -0.565     -95.771            TiO4C12H28+4ClH->4CH4+2C3H8+2O2C+TiCl4
53   2.645530e-01 -338.357    33.108   14   18.00  0.715  -44.414  -4.193  -39.656  -40.573   1.122  -1.639     2.247  -0.813    -0.565     -72.764              TiO4C12H28+4ClH->H2+5C2H6+2O2C+TiCl4
66   2.561421e-01 -338.680    -6.821   22   22.00  0.766  -46.328   7.516  -54.823  -57.172   1.264  -0.570     2.004  -0.349     0.979     -48.002          TiO4C12H28+6C2H6+4ClH->6C4H10+4OH2+TiCl4
217  2.506935e-01 -337.367   -16.394   62   20.67  0.823  -76.329   3.087  -81.160  -82.701   0.766  -0.495     1.742  -0.472     1.744     -64.766  3TiO4C12H28+16C2H6+12ClCH3->16C5H12+12OH2+3TiCl4
76   2.479352e-01 -337.357     1.151   22   22.00  0.794  -17.667   4.500  -23.146  -25.361   1.245  -0.527     1.837  -0.340     0.979     -24.297       TiO4C12H28+6C2H6+4ClCH3->6C4H10+4OCH4+TiCl4
65   2.453506e-01 -336.410     9.956   22   22.00  0.765   -2.780   7.267   -9.482  -12.050   1.312  -0.434     1.989  -0.299    -0.565     -19.438         TiO4C12H28+6CH4+4ClCH3->6C3H8+4OCH4+TiCl4
23   2.407795e-01 -337.475    34.197   14   18.00  0.726  -69.963  -2.688  -66.710  -67.387   0.759  -1.536     2.325  -0.871    -0.565    -100.907          TiO4C12H28+2ClH+2ClCH3->6C2H6+2O2C+TiCl4
25   2.272267e-01 -338.273    35.882   14   18.00  0.710  -60.035  -1.367  -58.103  -58.991   1.004  -1.599     2.306  -0.823    -0.565     -93.985            TiO4C12H28+4ClH->2CH4+4C2H6+2O2C+TiCl4
71   2.114104e-01 -337.662    -6.003   22   22.00  0.847  -30.166   2.512  -32.113  -33.894   1.276  -0.615     1.467  -0.347    -0.565     -26.110       TiO4C12H28+6C2H6+4ClCH3->6C4H10+4OCH4+TiCl4
63   2.087779e-01 -338.770    -8.007   22   22.00  0.842  -45.548   7.639  -55.220  -57.533   1.327  -0.559     1.902  -0.357     2.033     -47.213          TiO4C12H28+6C3H8+4ClH->6C5H12+4OH2+TiCl4
73   2.081804e-01 -337.448    -0.034   22   22.00  0.867  -16.886   4.623  -23.542  -25.720   1.308  -0.517     1.735  -0.348     2.033     -23.508       TiO4C12H28+6C3H8+4ClCH3->6C5H12+4OCH4+TiCl4
68   1.964371e-01 -338.985   -13.975   22   22.00  0.820  -58.827   5.528  -63.790  -65.704   1.295  -0.658     1.634  -0.357    -0.565     -49.815          TiO4C12H28+6C2H6+4ClH->6C4H10+4OH2+TiCl4
273  1.838283e-01 -337.542   -28.544   98   21.20  0.714 -156.248  14.976 -171.483 -169.678  -1.488  -1.923     1.484   0.122     0.259    -142.939      5TiO4C12H28+28OC+20ClH->16C4H10+24O2C+5TiCl4
46   1.639995e-01 -337.126    39.753   14   18.00  0.736  -15.546  -5.746   -9.235  -11.466   1.757  -0.888     2.327  -0.965    -0.565     -48.988          TiO4C12H28+4ClCH3->4C3H8+2OCH4+2OC+TiCl4
69   1.631395e-01 -336.828    26.505   22   22.00  0.722 -109.110  30.076 -138.621 -141.652   0.712  -0.145     2.800  -0.336    -0.565    -165.126             TiO4C12H28+6H2+4ClH->6C2H6+4OH2+TiCl4
284  1.519694e-01 -337.167    38.023  102   19.14  0.738  -40.458  -7.850  -32.043  -34.031   1.606  -0.930     2.422  -1.110    -0.565     -70.066     7TiO4C12H28+28ClCH3->32C3H8+12OH2+16OC+7TiCl4
57   1.499893e-01 -336.592    35.286   16   20.00  0.747  -95.513  -1.183  -93.765  -94.202   0.396  -1.433     2.403  -0.929    -0.565    -129.051            TiO4C12H28+H2+4ClCH3->7C2H6+2O2C+TiCl4
210  1.437982e-01 -338.069    38.743   46   19.33  0.728  -54.899  -0.444  -53.602  -54.646   1.025  -1.570     2.399  -0.810    -0.853     -92.345      3TiO4C12H28+2C5H12+12ClH->20C2H6+6O2C+3TiCl4
274  1.433445e-01 -337.705   -32.359   98   21.20  0.731 -162.914  13.916 -176.265 -174.229  -1.471  -1.970     1.287   0.118    -0.565    -143.906      5TiO4C12H28+28OC+20ClH->16C4H10+24O2C+5TiCl4
287  1.337658e-01 -336.811    36.229  110   20.29  0.746  -86.271  -6.078  -79.628  -79.764   0.455  -1.646     2.324  -0.997    -0.565    -115.857     7TiO4C12H28+4OH2+28ClCH3->48C2H6+16O2C+7TiCl4
212  1.321110e-01 -336.315   -34.675   58   20.67  0.756 -181.486   9.783 -192.148 -189.709  -1.882  -1.835     1.322  -0.044     0.879    -157.473    3TiO4C12H28+16OC+12ClCH3->10C5H12+14O2C+3TiCl4
58   1.264560e-01 -338.049    38.662   16   20.00  0.730  -54.877  -0.433  -53.622  -54.653   1.030  -1.568     2.380  -0.811    -0.822     -92.284           TiO4C12H28+C4H10+4ClH->7C2H6+2O2C+TiCl4
207  1.211055e-01 -338.138    41.179   46   19.33  0.729  -51.470   0.132  -51.037  -52.215   1.009  -1.540     2.515  -0.806    -0.565     -92.216      3TiO4C12H28+2C5H12+12ClH->20C2H6+6O2C+3TiCl4
64   1.169914e-01 -336.830   -21.967   22   22.00  0.938  -47.744  -0.555  -46.624  -47.589   1.448  -0.783     0.687  -0.387    -0.565     -24.657       TiO4C12H28+6C3H8+4ClCH3->6C5H12+4OCH4+TiCl4
59   1.159444e-01 -337.998    39.855   16   20.00  0.732  -52.794  -0.102  -52.127  -53.230   1.025  -1.554     2.441  -0.809    -0.565     -91.982           TiO4C12H28+C4H10+4ClH->7C2H6+2O2C+TiCl4
272  1.138453e-01 -336.809    35.447   82   21.20  0.749  -98.526  -6.831  -91.130  -91.075   0.337  -1.699     2.357  -1.050    -0.565    -126.577    5TiO4C12H28+4OCH4+20ClCH3->36C2H6+12O2C+5TiCl4
67   1.121389e-01 -336.595    30.590   18   22.00  0.787  -85.897  -5.016  -79.450  -79.710   0.454  -1.506     2.235  -0.923    -1.431    -110.040        TiO4C12H28+2C5H12+4ClCH3->8C3H8+2O2C+TiCl4
75   1.093866e-01 -336.677    32.511   18   22.00  0.756  -79.891  -4.010  -75.316  -75.783   0.515  -1.473     2.344  -0.919    -0.565    -107.827          TiO4C12H28+2CH4+4ClCH3->8C2H6+2O2C+TiCl4
62   9.886715e-02 -335.506    34.478   22   22.00  0.751  -80.448  27.060 -106.943 -109.838   0.692  -0.103     2.633  -0.327    -0.565    -141.421          TiO4C12H28+6H2+4ClCH3->6C2H6+4OCH4+TiCl4
24   9.035725e-02 -338.458    48.375   14   18.00  0.713   15.018  -1.215   16.798   13.809   2.308  -0.954     2.483  -0.848    -0.565     -31.577            TiO4C12H28+4ClH->4C2H6+2OCH4+2OC+TiCl4
219  9.030996e-02 -336.818   -35.889   62   20.67  0.881 -103.758  -1.516 -101.677 -102.141   0.891  -0.731     0.810  -0.506    -0.565     -65.788  3TiO4C12H28+16C2H6+12ClCH3->16C5H12+12OH2+3TiCl4
70   8.603372e-02 -338.152   -29.939   22   22.00  0.914  -76.406   2.460  -78.301  -79.401   1.467  -0.825     0.854  -0.396    -0.565     -48.362          TiO4C12H28+6C3H8+4ClH->6C5H12+4OH2+TiCl4
61   7.866988e-02 -338.141    38.508   18   22.00  0.741  -54.681  -0.423  -53.693  -54.749   1.035  -1.569     2.403  -0.813    -0.565     -92.201           TiO4C12H28+2C3H8+4ClH->8C2H6+2O2C+TiCl4
110  7.482117e-02 -336.268    -4.013   26   26.00  0.779  -56.652   6.696  -62.783  -64.896   0.811  -0.381     2.097  -0.414    -0.565     -58.770          TiO4C12H28+8CH4+4ClCH3->8C3H8+4OH2+TiCl4
72   7.097476e-02 -336.801    37.901   18   22.00  0.796  -75.611  -3.290  -71.756  -72.420   0.407  -1.418     2.585  -0.910    -0.565    -109.657        TiO4C12H28+2C5H12+4ClCH3->8C3H8+2O2C+TiCl4
83   6.465011e-02 -338.137    10.701   26   26.00  0.803   11.721   8.966    3.320    0.499   1.770  -0.591     1.854  -0.212    -0.565      -7.381          TiO4C12H28+8C2H6+4ClH->8C3H8+4OCH4+TiCl4
267  6.361776e-02 -338.518    49.271   74   19.60  0.714   -8.013  -3.858   -3.590   -6.363   2.203  -1.017     2.613  -1.026    -0.565     -52.861        5TiO4C12H28+20ClH->24C2H6+8OH2+12OC+5TiCl4
213  6.287298e-02 -337.021    45.733   46   20.67  0.745  -60.913  -8.612  -51.736  -52.735   1.088  -1.419     2.483  -1.153    -0.565     -97.469       3TiO4C12H28+12ClCH3->20C2H6+4O2C+4OC+3TiCl4
92   6.008791e-02 -338.873     9.463   26   26.00  0.842   13.289   9.053    2.743   -0.281   1.804  -0.593     2.039  -0.226     1.493      -6.720         TiO4C12H28+8C3H8+4ClH->8C4H10+4OCH4+TiCl4
108  5.496622e-02 -337.610    21.203   26   26.00  0.753   33.138  12.742   20.961   17.467   1.893  -0.469     2.241  -0.171    -0.565      -0.242           TiO4C12H28+8CH4+4ClH->8C2H6+4OCH4+TiCl4
88   5.388407e-02 -337.532   -15.753   26   26.00  0.830  -76.500   3.006  -80.999  -82.641   0.722  -0.505     1.895  -0.470     1.493     -65.246        TiO4C12H28+8C2H6+4ClCH3->8C4H10+4OH2+TiCl4
95   5.346537e-02 -339.280    -0.075   26   26.00  0.928   -3.376   6.402   -9.213  -11.657   1.846  -0.711     1.546  -0.237    -0.565      -9.138         TiO4C12H28+8C3H8+4ClH->8C4H10+4OCH4+TiCl4
215  5.225576e-02 -335.972   -46.860   58   20.67  0.781 -198.629   6.906 -204.970 -201.858  -1.804  -1.982     0.740  -0.066    -0.565    -158.110    3TiO4C12H28+16OC+12ClCH3->10C5H12+14O2C+3TiCl4
87   4.822566e-02 -335.477    21.264   22   26.00  0.803 -115.809  -9.484 -105.760 -105.301  -0.067  -1.438     2.092  -1.046    -0.565    -127.024          TiO4C12H28+8ClCH3->6C3H8+2O2C+TiCl4+4ClH
82   4.599946e-02 -338.257     9.121   26   26.00  0.965   12.761   9.130    2.790    0.018   1.854  -0.577     1.718  -0.223     0.841      -6.331        TiO4C12H28+8C4H10+4ClH->8C5H12+4OCH4+TiCl4
232  4.596258e-02 -337.363   -41.665   62   23.33  0.725 -175.471  17.951 -194.012 -191.619  -1.945  -1.985     1.238   0.299     0.590    -152.347       3TiO4C12H28+20OC+12ClH->8C5H12+16O2C+3TiCl4
107  3.944277e-02 -335.063    28.683   26   26.00  0.756 -160.209  33.087 -192.731 -195.280  -0.015   0.061     2.955  -0.452    -0.565    -221.414           TiO4C12H28+8H2+4ClCH3->8C2H6+4OH2+TiCl4
93   3.922363e-02 -337.652   -17.333   26   26.00  0.951  -75.460   3.170  -81.529  -83.122   0.806  -0.491     1.758  -0.480     2.899     -64.196        TiO4C12H28+8C3H8+4ClCH3->8C5H12+4OH2+TiCl4
79   3.192178e-02 -337.027   -10.584   26   26.00  1.144  -11.717   4.876  -16.028  -17.761   1.999  -0.814     0.813  -0.265    -0.565      -5.444        TiO4C12H28+8C4H10+4ClH->8C5H12+4OCH4+TiCl4
77   3.146558e-02 -337.851    18.660   26   26.00  1.040   29.427  11.781   14.747   11.397   1.812  -0.460     2.211  -0.213     2.899      -3.913        TiO4C12H28+8C4H10+4ClH->8C5H12+4OCH4+TiCl4
90   3.142625e-02 -337.938   -25.291   26   26.00  0.917  -93.166   0.356  -92.957  -94.021   0.764  -0.622     1.402  -0.480    -0.565     -67.666        TiO4C12H28+8C2H6+4ClCH3->8C4H10+4OH2+TiCl4
98   3.038170e-02 -336.441    30.505   22   26.00  0.822  -86.029  -4.997  -79.438  -79.635   0.466  -1.502     2.155  -0.922    -1.594    -109.943       TiO4C12H28+4C4H10+4ClCH3->10C3H8+2O2C+TiCl4
81   2.803562e-02 -337.434   -20.122   26   26.00  1.075  -28.382   2.226  -27.985  -29.139   2.041  -0.932     0.320  -0.275    -2.623      -7.863        TiO4C12H28+8C4H10+4ClH->8C5H12+4OCH4+TiCl4
279  2.391291e-02 -338.669    37.569   90   26.00  0.752   33.688 -39.041   73.294   72.112   2.878  -1.748     1.679  -1.627    -0.565      35.725     5TiO4C12H28+20ClCH3->28H2+12C5H12+20OC+5TiCl4
85   2.318582e-02 -339.868    39.253   22   26.00  0.722  -40.180   1.276  -40.891  -42.199   1.492  -1.726     2.268  -0.726    -0.565     -80.144           TiO4C12H28+8ClH->6CH4+2O2C+TiCl4+4ClCH3
94   2.189670e-02 -336.237    35.274   22   26.00  0.845  -77.697  -3.671  -73.461  -73.947   0.445  -1.444     2.402  -0.917    -0.565    -108.735       TiO4C12H28+4C4H10+4ClCH3->10C3H8+2O2C+TiCl4
231  1.996253e-02 -337.089   -51.413   62   23.33  0.742 -189.186  15.650 -204.271 -201.339  -1.883  -2.103     0.772   0.282    -0.565    -152.858       3TiO4C12H28+20OC+12ClH->8C5H12+16O2C+3TiCl4
113  1.746373e-02 -336.932    43.397   26   26.00  0.717  -91.836  35.357 -126.628 -129.886   0.944  -0.149     2.713  -0.250    -0.565    -170.025             TiO4C12H28+8H2+4ClH->8CH4+4OCH4+TiCl4
96   1.660147e-02 -337.713    39.917   22   26.00  0.834  -55.985  -0.548  -53.140  -54.119   0.975  -1.575     2.379  -0.800    -2.297     -93.057         TiO4C12H28+4C5H12+4ClH->10C3H8+2O2C+TiCl4
280  1.543576e-02 -340.171    45.077   90   26.00  0.715   76.320 -36.861  113.746  111.770   3.469  -1.836     1.845  -1.502    -0.565      68.669        5TiO4C12H28+20ClH->32H2+8C5H12+20OC+5TiCl4
74   1.447908e-02 -337.286    58.589   16   22.00  0.741  -13.898 -10.837   -2.496   -4.811   2.026  -1.070     2.642  -1.283    -0.565     -61.085           TiO4C12H28+4ClCH3->6C2H6+OCH4+3OC+TiCl4
99   1.355993e-02 -337.934    46.980   22   26.00  0.707 -122.522   9.941 -131.898 -132.668   0.529  -1.439     2.542  -0.862    -0.565    -178.878             TiO4C12H28+4H2+4ClH->10CH4+2O2C+TiCl4
281  1.310478e-02 -338.916    46.342   90   26.00  0.738   46.031 -36.969   82.526   80.859   2.822  -1.642     2.098  -1.611     0.474      36.184     5TiO4C12H28+20ClCH3->28H2+12C5H12+20OC+5TiCl4
112  1.281421e-02 -338.958    46.386   18   26.00  0.745   33.427 -35.743   69.735   68.170   2.763  -1.648     2.062  -1.612    -0.565      23.349           TiO4C12H28+4ClCH3->5H2+3C4H10+4OC+TiCl4
84   1.159597e-02 -338.741    48.894   20   26.00  0.706  -82.363  -8.607  -73.191  -72.920   0.794  -2.206     2.236  -1.095    -0.565    -122.085             TiO4C12H28+2OH2+4ClH->9CH4+3O2C+TiCl4
276  1.113631e-02 -337.316    59.038   82   22.80  0.743  -25.413 -12.158  -12.690  -14.898   1.974  -1.101     2.707  -1.372    -0.565     -71.728      5TiO4C12H28+20ClCH3->32C2H6+4OH2+16OC+5TiCl4
102  9.868286e-03 -338.805    49.963   18   26.00  0.731   39.676 -34.749   74.218   72.437   2.747  -1.604     2.247  -1.609     0.207      24.255           TiO4C12H28+4ClCH3->5H2+3C4H10+4OC+TiCl4
282  9.641767e-03 -340.336    50.926   90   26.00  0.709   84.549 -35.480  119.901  117.602   3.431  -1.765     2.125  -1.492     0.128      68.975        5TiO4C12H28+20ClH->32H2+8C5H12+20OC+5TiCl4
101  9.536198e-03 -340.364    50.955   18   26.00  0.712   76.146 -34.663  111.374  109.144   3.392  -1.769     2.100  -1.493    -0.565      60.419             TiO4C12H28+4ClH->6H2+2C4H10+4OC+TiCl4
103  7.815390e-03 -340.262    53.340   18   26.00  0.706   80.312 -34.000  114.362  111.988   3.381  -1.740     2.223  -1.490    -0.050      61.022             TiO4C12H28+4ClH->6H2+2C4H10+4OC+TiCl4
89   6.198392e-03 -336.828   -46.576   26   26.00  1.063 -116.604  -3.734 -112.305 -112.282   0.993  -0.845     0.361  -0.532    -0.565     -65.729        TiO4C12H28+8C3H8+4ClCH3->8C5H12+4OH2+TiCl4
104  5.712344e-03 -338.313    55.827   18   26.00  0.734   28.821 -31.011   60.397   58.554   2.646  -1.533     2.333  -1.603    -0.565       4.570            TiO4C12H28+4ClCH3->4H2+4C3H8+4OC+TiCl4
249  5.354871e-03 -339.934    57.249   54   26.00  0.707   73.075 -31.508  105.148  102.732   3.314  -1.692     2.281  -1.487    -0.565      47.899         3TiO4C12H28+12ClH->16H2+8C3H8+12OC+3TiCl4
91   4.632333e-03 -338.124    54.538   22   26.00  0.867  -35.414   2.904  -37.753  -39.542   0.882  -1.397     3.078  -0.774    -0.565     -92.291         TiO4C12H28+4C5H12+4ClH->10C3H8+2O2C+TiCl4
106  2.481636e-03 -339.645    64.449   18   26.00  0.710   59.385 -26.480   86.430   83.828   3.197  -1.598     2.489  -1.486    -0.565      21.981              TiO4C12H28+4ClH->4H2+4C2H6+4OC+TiCl4
97   2.419159e-03 -337.912    64.229   18   26.00  0.728  -35.806 -20.063  -15.178  -16.804   2.225  -1.401     2.449  -1.647    -0.565     -79.407           TiO4C12H28+4ClCH3->7CH4+C5H12+4OC+TiCl4
247  1.789298e-03 -338.076    66.879   54   26.00  0.728  -32.613 -19.502  -12.546  -14.321   2.205  -1.373     2.582  -1.639    -0.565     -79.425     3TiO4C12H28+12ClCH3->20CH4+4C4H10+12OC+3TiCl4
105  1.783058e-03 -337.880    66.627   18   26.00  0.740    8.286 -23.469   32.320   30.199   2.471  -1.392     2.644  -1.602    -0.565     -34.307            TiO4C12H28+4ClCH3->2H2+6C2H6+4OC+TiCl4
78   1.599418e-03 -338.015    67.885   18   26.00  0.726  -30.663 -19.200  -11.331  -13.161   2.202  -1.356     2.624  -1.640    -0.132     -79.216           TiO4C12H28+4ClCH3->7CH4+C5H12+4OC+TiCl4
248  1.496892e-03 -338.009    68.468   54   26.00  0.725  -29.835 -19.060  -10.553  -12.424   2.198  -1.353     2.664  -1.638    -0.222     -79.021     3TiO4C12H28+12ClCH3->20CH4+4C4H10+12OC+3TiCl4
111  1.314896e-03 -337.842    69.550   18   26.00  0.725  -28.312 -18.760   -8.987  -10.882   2.203  -1.342     2.666  -1.632    -0.565     -78.537           TiO4C12H28+4ClCH3->6CH4+2C3H8+4OC+TiCl4
109  9.390072e-04 -337.710    72.175   18   26.00  0.730  -22.958 -17.816   -4.577   -6.640   2.234  -1.312     2.763  -1.622    -0.565     -76.752           TiO4C12H28+4ClCH3->4CH4+4C2H6+4OC+TiCl4
86   6.534389e-04 -339.306    75.546   18   26.00  0.705   -3.102 -15.173   12.636   10.152   2.722  -1.438     2.725  -1.525    -0.565     -62.910                   TiO4C12H28+4ClH->8CH4+4OC+TiCl4
259  1.390483e-04 -337.304    77.896   62   28.67  0.774  -12.684 -15.969    4.427    2.053   2.276  -1.253     2.948  -1.597    -1.142     -73.469    3TiO4C12H28+4C5H12+12ClCH3->28C2H6+12OC+3TiCl4
115  7.729827e-05 -337.262    77.735   22   30.00  0.780  -12.642 -15.949    4.386    2.037   2.287  -1.250     2.910  -1.598    -1.079     -73.349        TiO4C12H28+2C4H10+4ClCH3->10C2H6+4OC+TiCl4
257  6.973783e-05 -337.441    82.770   62   28.67  0.778   -5.827 -14.819    9.557    6.914   2.245  -1.194     3.181  -1.589    -0.565     -73.213    3TiO4C12H28+4C5H12+12ClCH3->28C2H6+12OC+3TiCl4
114  5.490110e-05 -337.161    80.120   22   30.00  0.786   -8.475 -15.287    7.377    4.884   2.276  -1.221     3.033  -1.595    -0.565     -72.743        TiO4C12H28+2C4H10+4ClCH3->10C2H6+4OC+TiCl4
126  2.869778e-05 -336.114    68.804   26   34.00  0.807  -42.814 -20.459  -21.790  -23.431   1.745  -1.186     2.800  -1.718    -0.565     -90.594           TiO4C12H28+8ClCH3->8C2H6+4OC+TiCl4+4ClH
155  3.475414e-09 -338.743   111.839   26   38.00  0.728   33.975 -31.622   66.162   62.504   3.952  -1.151     3.181  -2.324    -0.565     -45.677           TiO4C12H28+2O2C+4ClCH3->10CH4+8OC+TiCl4




---------------------------------------------------------------------
10 reactions with the worst weights:
---------------------------------------------------------------------
           weight      dfH  drE_corr  dn  n+|dn|      u     drH    ddrH     drE  drE_CBS  drE_CV  drE_IT  drE_TPNO  drE_SR  ddrHconf  drE_HF_CBS                                        reaction
155  3.475414e-09 -338.743   111.839  26   38.00  0.728  33.975 -31.622  66.162   62.504   3.952  -1.151     3.181  -2.324    -0.565     -45.677         TiO4C12H28+2O2C+4ClCH3->10CH4+8OC+TiCl4
126  2.869778e-05 -336.114    68.804  26   34.00  0.807 -42.814 -20.459 -21.790  -23.431   1.745  -1.186     2.800  -1.718    -0.565     -90.594         TiO4C12H28+8ClCH3->8C2H6+4OC+TiCl4+4ClH
114  5.490110e-05 -337.161    80.120  22   30.00  0.786  -8.475 -15.287   7.377    4.884   2.276  -1.221     3.033  -1.595    -0.565     -72.743      TiO4C12H28+2C4H10+4ClCH3->10C2H6+4OC+TiCl4
257  6.973783e-05 -337.441    82.770  62   28.67  0.778  -5.827 -14.819   9.557    6.914   2.245  -1.194     3.181  -1.589    -0.565     -73.213  3TiO4C12H28+4C5H12+12ClCH3->28C2H6+12OC+3TiCl4
115  7.729827e-05 -337.262    77.735  22   30.00  0.780 -12.642 -15.949   4.386    2.037   2.287  -1.250     2.910  -1.598    -1.079     -73.349      TiO4C12H28+2C4H10+4ClCH3->10C2H6+4OC+TiCl4
259  1.390483e-04 -337.304    77.896  62   28.67  0.774 -12.684 -15.969   4.427    2.053   2.276  -1.253     2.948  -1.597    -1.142     -73.469  3TiO4C12H28+4C5H12+12ClCH3->28C2H6+12OC+3TiCl4
86   6.534389e-04 -339.306    75.546  18   26.00  0.705  -3.102 -15.173  12.636   10.152   2.722  -1.438     2.725  -1.525    -0.565     -62.910                 TiO4C12H28+4ClH->8CH4+4OC+TiCl4
109  9.390072e-04 -337.710    72.175  18   26.00  0.730 -22.958 -17.816  -4.577   -6.640   2.234  -1.312     2.763  -1.622    -0.565     -76.752         TiO4C12H28+4ClCH3->4CH4+4C2H6+4OC+TiCl4
111  1.314896e-03 -337.842    69.550  18   26.00  0.725 -28.312 -18.760  -8.987  -10.882   2.203  -1.342     2.666  -1.632    -0.565     -78.537         TiO4C12H28+4ClCH3->6CH4+2C3H8+4OC+TiCl4
248  1.496892e-03 -338.009    68.468  54   26.00  0.725 -29.835 -19.060 -10.553  -12.424   2.198  -1.353     2.664  -1.638    -0.222     -79.021   3TiO4C12H28+12ClCH3->20CH4+4C4H10+12OC+3TiCl4




---------------------------------------------------------------------
10 reactions with the worst dHf:
---------------------------------------------------------------------
       weight      dfH  drE_corr  dn  n+|dn|      u     drH    ddrH      drE  drE_CBS  drE_CV  drE_IT  drE_TPNO  drE_SR  ddrHconf  drE_HF_CBS                                    reaction
101  0.009536 -340.364    50.955  18    26.0  0.712  76.146 -34.663  111.374  109.144   3.392  -1.769     2.100  -1.493    -0.565      60.419       TiO4C12H28+4ClH->6H2+2C4H10+4OC+TiCl4
282  0.009642 -340.336    50.926  90    26.0  0.709  84.549 -35.480  119.901  117.602   3.431  -1.765     2.125  -1.492     0.128      68.975  5TiO4C12H28+20ClH->32H2+8C5H12+20OC+5TiCl4
103  0.007815 -340.262    53.340  18    26.0  0.706  80.312 -34.000  114.362  111.988   3.381  -1.740     2.223  -1.490    -0.050      61.022       TiO4C12H28+4ClH->6H2+2C4H10+4OC+TiCl4
280  0.015436 -340.171    45.077  90    26.0  0.715  76.320 -36.861  113.746  111.770   3.469  -1.836     1.845  -1.502    -0.565      68.669  5TiO4C12H28+20ClH->32H2+8C5H12+20OC+5TiCl4
249  0.005355 -339.934    57.249  54    26.0  0.707  73.075 -31.508  105.148  102.732   3.314  -1.692     2.281  -1.487    -0.565      47.899   3TiO4C12H28+12ClH->16H2+8C3H8+12OC+3TiCl4
85   0.023186 -339.868    39.253  22    26.0  0.722 -40.180   1.276  -40.891  -42.199   1.492  -1.726     2.268  -0.726    -0.565     -80.144     TiO4C12H28+8ClH->6CH4+2O2C+TiCl4+4ClCH3
106  0.002482 -339.645    64.449  18    26.0  0.710  59.385 -26.480   86.430   83.828   3.197  -1.598     2.489  -1.486    -0.565      21.981        TiO4C12H28+4ClH->4H2+4C2H6+4OC+TiCl4
86   0.000653 -339.306    75.546  18    26.0  0.705  -3.102 -15.173   12.636   10.152   2.722  -1.438     2.725  -1.525    -0.565     -62.910             TiO4C12H28+4ClH->8CH4+4OC+TiCl4
95   0.053465 -339.280    -0.075  26    26.0  0.928  -3.376   6.402   -9.213  -11.657   1.846  -0.711     1.546  -0.237    -0.565      -9.138   TiO4C12H28+8C3H8+4ClH->8C4H10+4OCH4+TiCl4
151  0.538848 -339.256    16.241  28    18.0  0.719 -23.463 -14.422   -8.476   -8.927   1.365  -1.853     1.761  -0.822    -0.565     -24.717    2TiO4C12H28+8ClH->7H2+5C4H10+4O2C+2TiCl4
