---------------------------------------------------------------------
Results for m1_00_TiOnBu4-PBE0-D3-TZ_TiCl4.all 

Average dfH = -360.29 

Uncertainty = 1.79
Computational contribution = 1.62
Experimental contribution = 0.76
---------------------------------------------------------------------
Number of reactions with all coeficients ≤  10 : 177  of  291
Parameters:
h1 = 8.81 
h2 = 44.86 

Summ of all weights = 62.8
---------------------------------------------------------------------
Average values and MSE of reaction characteristics:

                      Mean       St dev
          dfH      -360.29         0.81
     drE_corr        19.30        17.85
    n+dn_priv        17.93         2.48
          drH       -54.59        46.07
         ddrH         4.02        10.26
          drE       -58.35        48.09
      drE_CBS       -60.06        47.33
       drE_IT        -1.05         0.56
       drE_CV         1.04         0.77
       drE_SR        -0.45         0.29
   drE_HF_CBS       -77.65        43.49
     ddrHconf        -0.27         0.74
          u/2         0.38         0.02


---------------------------------------------------------------------
177 reactions with the best weights:
---------------------------------------------------------------------
           weight      dfH  drE_corr   dn  n+|dn|      u      drH    ddrH      drE  drE_CBS  drE_CV  drE_IT  drE_TPNO  drE_SR  ddrHconf  drE_HF_CBS                                           reaction
1    1.000000e+00 -360.775    11.160   12   14.00  0.751  -62.975   0.918  -63.046  -64.414   1.259  -1.235     1.846  -0.502    -0.847     -74.206             TiO4C16H36+4ClH->3C5H12+O2C+2OH2+TiCl4
237  9.223138e-01 -360.076     5.437   82   16.40  0.758  -93.206  16.755 -109.114 -111.460   1.088  -0.518     2.042  -0.266    -0.847    -114.551       5TiO4C16H36+16H2+20ClH->16C5H12+20OH2+5TiCl4
249  9.114466e-01 -360.778    19.188   82   13.43  0.742  -26.555   2.702  -28.410  -30.294   1.561  -1.159     1.874  -0.392    -0.847     -47.598      7TiO4C16H36+28ClH->18C5H12+6O2C+16OCH4+7TiCl4
195  9.094284e-01 -359.448     5.082   50   15.00  0.796  -98.049  -5.221  -91.981  -92.311   0.712  -1.327     1.631  -0.686    -0.847     -97.063      4TiO4C16H36+16ClCH3->15C5H12+5O2C+6OH2+4TiCl4
5    9.088809e-01 -360.580     9.492   16   16.00  0.763    7.870   7.786    0.931   -1.883   1.939  -0.712     1.711  -0.124    -0.847      -8.561           TiO4C16H36+3CH4+4ClH->3C5H12+4OCH4+TiCl4
253  9.020381e-01 -359.450    11.104   86   14.57  0.786  -70.734  -3.883  -66.004  -66.721   0.938  -1.270     1.652  -0.603    -0.847     -77.108    7TiO4C16H36+28ClCH3->24C5H12+8O2C+12OCH4+7TiCl4
0    8.828311e-01 -361.084    22.126   12   14.00  0.730  -47.546   3.507  -51.505  -53.479   1.189  -1.102     2.370  -0.483     0.452     -73.631             TiO4C16H36+4ClH->3C5H12+O2C+2OH2+TiCl4
13   8.821896e-01 -360.500    -2.776   18   18.00  0.721 -124.324  10.494 -135.000 -134.347  -0.752  -1.860     2.005  -0.046     0.182    -132.224             TiO4C16H36+4OC+4ClH->4C4H10+4O2C+TiCl4
234  8.627020e-01 -360.406    17.134   82   16.40  0.734  -76.749  19.516  -96.803  -99.796   1.013  -0.376     2.601  -0.245     0.538    -113.937       5TiO4C16H36+16H2+20ClH->16C5H12+20OH2+5TiCl4
223  8.525830e-01 -360.256    20.918   74   14.80  0.745  -21.913  15.919  -36.985  -39.990   1.659  -0.563     2.041  -0.132    -0.847     -57.903      5TiO4C16H36+12H2+20ClH->12C5H12+20OCH4+5TiCl4
194  8.390778e-01 -359.834    18.790   50   15.00  0.764  -78.763  -1.985  -77.555  -78.643   0.624  -1.161     2.286  -0.661     0.777     -96.345      4TiO4C16H36+16ClCH3->15C5H12+5O2C+6OH2+4TiCl4
3    8.163660e-01 -360.889    20.458   16   16.00  0.742   23.299  10.375   12.472    9.051   1.869  -0.579     2.235  -0.104     0.452      -7.986           TiO4C16H36+3CH4+4ClH->3C5H12+4OCH4+TiCl4
36   8.019942e-01 -360.703    -7.545   18   18.00  0.747 -132.657   9.168 -140.978 -140.035  -0.731  -1.919     1.758  -0.051    -0.847    -133.433             TiO4C16H36+4OC+4ClH->4C4H10+4O2C+TiCl4
40   8.004449e-01 -360.920     4.824   18   18.00  0.754  -32.924   9.363  -43.172  -46.072   1.367  -0.540     2.301  -0.228     0.885     -47.996            TiO4C16H36+4CH4+4ClH->4C5H12+4OH2+TiCl4
243  8.001501e-01 -359.496     7.495   82   18.00  0.748 -125.533   1.582 -127.503 -126.953  -0.574  -1.694     2.151  -0.433     0.388    -134.998     5TiO4C16H36+12OC+20ClCH3->24C4H10+16O2C+5TiCl4
239  7.940459e-01 -358.754    13.410   82   16.40  0.787  -64.544  13.739  -77.436  -79.647   1.069  -0.476     1.875  -0.257    -0.847     -90.846    5TiO4C16H36+16H2+20ClCH3->16C5H12+20OCH4+5TiCl4
254  7.791864e-01 -359.803    23.637   86   14.57  0.759  -53.101  -0.924  -52.814  -54.224   0.858  -1.118     2.251  -0.581     0.637     -76.451    7TiO4C16H36+28ClCH3->24C5H12+8O2C+12OCH4+7TiCl4
248  7.616719e-01 -361.043    28.588   82   13.43  0.726  -13.330   4.922  -18.518  -20.921   1.501  -1.045     2.323  -0.376     0.266     -47.106      7TiO4C16H36+28ClH->18C5H12+6O2C+16OCH4+7TiCl4
245  7.478001e-01 -359.740     1.772   82   18.00  0.784 -135.532  -0.009 -134.676 -133.778  -0.549  -1.765     1.855  -0.439    -0.847    -136.448     5TiO4C16H36+12OC+20ClCH3->24C4H10+16O2C+5TiCl4
242  7.199171e-01 -361.474    16.883   70   18.00  0.745  -32.744 -14.919  -16.978  -17.366   1.430  -1.953     1.650  -0.739    -0.847     -33.861       5TiO4C16H36+20ClH->16H2+14C5H12+10O2C+5TiCl4
15   7.193420e-01 -359.228   -12.188   18   18.00  0.771 -154.368   6.045 -161.298 -159.863  -1.260  -1.788     1.781  -0.168     0.885    -149.110           TiO4C16H36+4OC+4ClCH3->4C5H12+4O2C+TiCl4
26   7.180011e-01 -358.986    12.551   18   18.00  0.770 -115.266  18.027 -134.178 -136.540   0.404  -0.253     2.575  -0.364     0.885    -146.729           TiO4C16H36+4H2+4ClCH3->4C5H12+4OH2+TiCl4
9    7.123191e-01 -360.461    17.193   18   18.00  0.747  -93.555  21.151 -113.859 -116.712   0.933  -0.385     2.552  -0.247    -0.847    -131.052             TiO4C16H36+4H2+4ClH->4C4H10+4OH2+TiCl4
227  7.102599e-01 -360.503    29.691   74   14.80  0.731   -9.570  17.990  -27.752  -31.241   1.603  -0.457     2.460  -0.117     0.192     -57.443      5TiO4C16H36+12H2+20ClH->12C5H12+20OCH4+5TiCl4
23   7.071307e-01 -358.574    -2.071   18   18.00  0.806 -135.838  14.575 -149.566 -151.118   0.497  -0.431     1.876  -0.390    -0.847    -147.495           TiO4C16H36+4H2+4ClCH3->4C5H12+4OH2+TiCl4
247  7.061248e-01 -359.972     9.374   70   18.00  0.790  -75.375 -17.099  -57.429  -57.026   0.840  -1.865     1.485  -0.863    -0.847     -66.803     5TiO4C16H36+20ClCH3->12H2+18C5H12+10O2C+5TiCl4
17   7.042985e-01 -360.782     1.546   18   18.00  0.808   -4.978   5.538   -9.669  -12.048   1.931  -0.801     1.398  -0.149    -0.847     -11.215          TiO4C16H36+4C2H6+4ClH->4C5H12+4OCH4+TiCl4
32   7.032857e-01 -360.509    -9.797   18   18.00  0.790  -53.495   5.911  -58.559  -60.651   1.461  -0.717     1.602  -0.254    -0.847     -48.762            TiO4C16H36+4CH4+4ClH->4C5H12+4OH2+TiCl4
20   6.982823e-01 -360.450    21.613   16   18.00  0.723  -88.611   4.963  -92.727  -93.023   0.137  -1.733     2.267  -0.375    -0.847    -114.340              TiO4C16H36+2OC+4ClH->5C3H8+3O2C+TiCl4
42   6.968765e-01 -360.258    21.962   18   18.00  0.721  -85.222  22.476 -107.880 -111.024   0.913  -0.326     2.799  -0.242     0.182    -129.842             TiO4C16H36+4H2+4ClH->4C4H10+4OH2+TiCl4
37   6.939811e-01 -359.598    12.797   18   18.00  0.782   -4.262   6.347  -11.494  -14.260   1.348  -0.497     2.134  -0.219     0.885     -24.291         TiO4C16H36+4CH4+4ClCH3->4C5H12+4OCH4+TiCl4
12   6.870591e-01 -361.073    17.439   18   18.00  0.759   17.449   9.471    8.825    5.566   1.878  -0.628     2.111  -0.102    -0.847      -8.614           TiO4C16H36+4CH4+4ClH->4C4H10+4OCH4+TiCl4
25   6.868627e-01 -359.187    -1.825   18   18.00  0.818  -24.833   2.895  -26.881  -28.838   1.442  -0.675     1.435  -0.245    -0.847     -25.056         TiO4C16H36+4CH4+4ClCH3->4C5H12+4OCH4+TiCl4
220  6.770798e-01 -360.968    30.562   62   14.80  0.739    4.707   0.760    4.794    2.022   2.192  -0.950     2.045  -0.515    -0.847     -25.768       5TiO4C16H36+20ClH->12C5H12+14OCH4+6OC+5TiCl4
24   6.766045e-01 -361.194    16.168   18   18.00  0.773   15.594   8.990    5.719    2.533   1.837  -0.624     2.096  -0.123     0.885     -10.449          TiO4C16H36+4C2H6+4ClH->4C5H12+4OCH4+TiCl4
235  6.735967e-01 -359.083    25.107   82   16.40  0.764  -48.087  16.501  -65.126  -67.984   0.994  -0.334     2.434  -0.236     0.538     -90.233    5TiO4C16H36+16H2+20ClCH3->16C5H12+20OCH4+5TiCl4
22   6.687753e-01 -360.870    22.209   18   18.00  0.734   25.782  10.796   14.804   11.256   1.857  -0.570     2.358  -0.097     0.182      -7.405           TiO4C16H36+4CH4+4ClH->4C4H10+4OCH4+TiCl4
2    6.530342e-01 -360.545    29.735   16   16.00  0.739  -22.174  19.216  -40.543  -43.929   1.543  -0.463     2.424  -0.118    -0.847     -70.278            TiO4C16H36+3H2+4ClH->3C4H10+4OCH4+TiCl4
238  6.273598e-01 -359.703    26.269   66   16.40  0.780  -29.051  -6.473  -21.731  -23.633   1.780  -0.991     1.880  -0.767    -0.847     -48.000     5TiO4C16H36+20ClCH3->16C5H12+12OCH4+8OC+5TiCl4
33   6.262764e-01 -359.647    20.800   14   18.00  0.770 -105.159  -8.966  -95.346  -95.133   0.560  -1.716     1.814  -0.871    -0.847    -116.146          TiO4C16H36+4ClCH3->3CH4+3C5H12+2O2C+TiCl4
244  6.176828e-01 -360.342    22.534   70   18.00  0.761  -56.861 -13.992  -43.581  -43.905   0.756  -1.705     2.113  -0.840     0.712     -66.115     5TiO4C16H36+20ClCH3->12H2+18C5H12+10O2C+5TiCl4
4    6.082596e-01 -360.392    33.312   16   16.00  0.724  -15.925  20.210  -36.060  -39.664   1.528  -0.419     2.609  -0.114    -0.075     -69.372            TiO4C16H36+3H2+4ClH->3C4H10+4OCH4+TiCl4
246  6.061121e-01 -361.762    27.118   70   18.00  0.726  -18.344 -12.503   -6.206   -7.162   1.365  -1.828     2.140  -0.721     0.365     -33.324       5TiO4C16H36+20ClH->16H2+14C5H12+10O2C+5TiCl4
126  5.931557e-01 -360.405    22.600   28   18.00  0.776  -75.768 -12.153  -62.768  -62.936   0.667  -1.715     2.058  -0.842    -0.847     -85.368         2TiO4C16H36+8ClCH3->3H2+9C4H10+4O2C+2TiCl4
127  5.889429e-01 -361.811    27.169   28   18.00  0.736  -33.049 -11.073  -21.129  -21.963   1.295  -1.836     2.097  -0.722    -0.847     -48.298           2TiO4C16H36+8ClH->5H2+7C4H10+4O2C+2TiCl4
128  5.623868e-01 -360.176    27.966   28   18.00  0.745  -66.393 -10.662  -56.042  -56.536   0.643  -1.649     2.336  -0.836     0.311     -84.008         2TiO4C16H36+8ClCH3->3H2+9C4H10+4O2C+2TiCl4
11   5.581143e-01 -359.139    25.166   18   18.00  0.776  -64.893  18.135  -82.181  -84.900   0.914  -0.342     2.385  -0.238    -0.847    -107.347          TiO4C16H36+4H2+4ClCH3->4C4H10+4OCH4+TiCl4
129  5.512146e-01 -361.633    31.342   28   18.00  0.716  -25.758  -9.913  -15.898  -16.986   1.277  -1.784     2.313  -0.718     0.053     -47.240           2TiO4C16H36+8ClH->5H2+7C4H10+4O2C+2TiCl4
197  5.477906e-01 -360.895     7.158   62   20.67  0.739  -29.613   9.925  -40.063  -43.134   1.352  -0.527     2.465  -0.219     0.525     -47.221      3TiO4C16H36+16CH4+12ClH->16C4H10+12OH2+3TiCl4
29   5.414064e-01 -359.445    28.746   14   18.00  0.751  -92.311  -6.718  -84.746  -84.968   0.568  -1.627     2.128  -0.847    -0.847    -113.492         TiO4C16H36+4ClCH3->4C2H6+2C5H12+2O2C+TiCl4
44   5.390387e-01 -359.630    -2.837   20   20.00  0.799  -60.484   5.335  -67.137  -69.384   0.847  -0.457     2.200  -0.343     1.318     -64.300          TiO4C16H36+5CH4+4ClCH3->5C5H12+4OH2+TiCl4
233  5.336143e-01 -360.767    36.503   66   16.40  0.721  -50.677   1.051  -50.881  -52.455   1.083  -1.407     2.514  -0.616    -0.847     -87.384         5TiO4C16H36+20ClH->24C3H8+8O2C+4OH2+5TiCl4
34   5.260878e-01 -361.041    32.117   14   18.00  0.724  -72.455  -4.075  -67.533  -68.176   1.057  -1.754     2.090  -0.750    -0.847     -99.650            TiO4C16H36+4ClH->4CH4+2C5H12+2O2C+TiCl4
35   5.229610e-01 -358.936    29.935   18   18.00  0.751  -56.560  19.461  -76.203  -79.212   0.893  -0.283     2.632  -0.233     0.182    -106.138          TiO4C16H36+4H2+4ClCH3->4C4H10+4OCH4+TiCl4
16   5.217418e-01 -360.141    28.748   14   18.00  0.765  -95.579  -7.281  -87.451  -87.682   0.499  -1.632     2.214  -0.850    -0.847    -116.199          TiO4C16H36+4ClCH3->2CH4+4C4H10+2O2C+TiCl4
224  5.187350e-01 -361.215    39.335   62   14.80  0.725   17.050   2.831   14.027   10.770   2.136  -0.844     2.464  -0.499     0.192     -25.308       5TiO4C16H36+20ClH->12C5H12+14OCH4+6OC+5TiCl4
48   5.159851e-01 -358.801    18.586   20   20.00  0.751 -125.858  21.727 -148.024 -150.574   0.278  -0.190     2.822  -0.360     0.439    -166.610           TiO4C16H36+5H2+4ClCH3->5C4H10+4OH2+TiCl4
104  5.138689e-01 -360.768    38.432   26   16.00  0.719  -35.512   1.823  -36.488  -38.275   1.226  -1.363     2.484  -0.560    -0.847     -74.920          2TiO4C16H36+8ClH->9C3H8+3O2C+2OCH4+2TiCl4
45   5.127562e-01 -359.055    12.624   20   20.00  0.789 -136.274  20.070 -155.497 -157.685   0.305  -0.264     2.514  -0.367    -0.847    -168.121           TiO4C16H36+5H2+4ClCH3->5C4H10+4OH2+TiCl4
203  5.003769e-01 -361.166     0.799   62   20.67  0.783  -40.723   8.157  -48.033  -50.719   1.380  -0.605     2.136  -0.225    -0.847     -48.832      3TiO4C16H36+16CH4+12ClH->16C4H10+12OH2+3TiCl4
27   4.970454e-01 -359.956    31.767   14   18.00  0.749  -89.730  -6.377  -83.805  -84.198   0.490  -1.583     2.338  -0.852     0.452    -115.572          TiO4C16H36+4ClCH3->3CH4+3C5H12+2O2C+TiCl4
6    4.958513e-01 -358.816   -26.809   18   18.00  0.806 -174.940   2.592 -176.685 -174.441  -1.167  -1.965     1.082  -0.194    -0.847    -149.876           TiO4C16H36+4OC+4ClCH3->4C5H12+4O2C+TiCl4
38   4.811118e-01 -359.937    33.517   14   18.00  0.740  -87.247  -5.956  -81.473  -81.994   0.478  -1.573     2.461  -0.845     0.182    -114.990          TiO4C16H36+4ClCH3->2CH4+4C4H10+2O2C+TiCl4
8    4.808142e-01 -359.866    32.720   14   18.00  0.750  -88.338  -6.016  -81.475  -81.922   0.521  -1.587     2.350  -0.837    -0.847    -114.195         TiO4C16H36+4ClCH3->3C2H6+3C4H10+2O2C+TiCl4
201  4.721883e-01 -361.327    -0.896   62   20.67  0.806  -43.197   7.517  -52.176  -54.765   1.325  -0.599     2.116  -0.253     1.462     -51.280     3TiO4C16H36+16C2H6+12ClH->16C5H12+12OH2+3TiCl4
273  4.708921e-01 -361.553    37.056  122   17.11  0.737  -22.393  -2.167  -19.379  -22.125   1.995  -0.992     2.500  -0.757    -0.847     -56.435       9TiO4C16H36+36ClH->32C4H10+20OH2+16OC+9TiCl4
207  4.693417e-01 -360.276   -19.178   58   20.67  0.738 -148.353  14.213 -163.162 -161.772  -1.323  -1.938     1.696   0.175     0.596    -143.984       3TiO4C16H36+16OC+12ClH->10C5H12+14O2C+3TiCl4
200  4.643418e-01 -359.573    15.131   62   20.67  0.768   -0.951   6.909   -8.385  -11.323   1.333  -0.484     2.298  -0.209     0.525     -23.516   3TiO4C16H36+16CH4+12ClCH3->16C4H10+12OCH4+3TiCl4
236  4.597772e-01 -360.033    37.966   66   16.40  0.756  -12.594  -3.711   -9.421  -11.969   1.705  -0.850     2.439  -0.746     0.538     -47.387     5TiO4C16H36+20ClCH3->16C5H12+12OCH4+8OC+5TiCl4
206  4.490702e-01 -359.844     8.772   62   20.67  0.811  -12.061   5.142  -16.356  -18.906   1.360  -0.563     1.969  -0.216    -0.847     -25.128   3TiO4C16H36+16CH4+12ClCH3->16C4H10+12OCH4+3TiCl4
14   4.416497e-01 -359.713    36.297   14   18.00  0.736  -82.089  -5.022  -76.992  -77.657   0.505  -1.542     2.535  -0.833    -0.075    -113.289         TiO4C16H36+4ClCH3->3C2H6+3C4H10+2O2C+TiCl4
185  4.405327e-01 -361.370    37.415   42   18.00  0.722  -66.069  -2.952  -62.270  -63.210   1.017  -1.698     2.357  -0.736    -0.847     -99.685        3TiO4C16H36+12ClH->10CH4+8C4H10+6O2C+3TiCl4
21   4.394848e-01 -359.651    36.057   14   18.00  0.741  -82.025  -4.992  -77.052  -77.678   0.522  -1.539     2.477  -0.834     0.019    -113.109         TiO4C16H36+4ClCH3->4C2H6+2C5H12+2O2C+TiCl4
106  4.348444e-01 -361.435    41.791   26   16.00  0.731   11.101   0.267   11.681    8.585   2.210  -0.946     2.428  -0.596    -0.847     -30.110          2TiO4C16H36+8ClH->6C4H10+5OCH4+3OC+2TiCl4
199  4.313852e-01 -360.005     7.076   62   20.67  0.833  -14.535   4.501  -20.498  -22.953   1.306  -0.556     1.949  -0.244     1.462     -27.574  3TiO4C16H36+16C2H6+12ClCH3->16C5H12+12OCH4+3TiCl4
184  4.303720e-01 -361.058    38.184   42   18.00  0.720  -38.423  -5.552  -32.024  -33.185   1.160  -1.701     2.413  -0.711    -0.847     -70.208          3TiO4C16H36+12ClH->4H2+14C3H8+6O2C+3TiCl4
272  4.218488e-01 -361.372    41.295  122   17.11  0.717  -14.986  -0.989  -14.065  -17.069   1.976  -0.940     2.720  -0.752     0.068     -55.360       9TiO4C16H36+36ClH->32C4H10+20OH2+16OC+9TiCl4
19   4.170842e-01 -359.437    36.762   14   18.00  0.751  -82.677  -5.055  -76.775  -77.363   0.492  -1.542     2.465  -0.827    -0.847    -113.537                TiO4C16H36+4ClCH3->6C3H8+2O2C+TiCl4
28   4.159731e-01 -361.247    39.428   14   18.00  0.715  -62.169  -2.349  -59.839  -60.887   1.010  -1.665     2.440  -0.737     0.019     -99.267            TiO4C16H36+4ClH->4CH4+2C5H12+2O2C+TiCl4
43   4.063332e-01 -359.899    39.176   18   18.00  0.727  -26.781  23.948  -49.882  -53.547   1.427  -0.348     2.695  -0.109    -0.847     -89.058             TiO4C16H36+4H2+4ClH->4C3H8+4OCH4+TiCl4
186  4.027274e-01 -361.234    40.595   42   18.00  0.710  -60.514  -2.068  -58.285  -59.418   1.003  -1.659     2.521  -0.732    -0.161     -98.880        3TiO4C16H36+12ClH->10CH4+8C4H10+6O2C+3TiCl4
105  3.871350e-01 -361.282    45.368   26   16.00  0.717   17.350   1.261   16.164   12.851   2.195  -0.902     2.613  -0.593    -0.075     -29.204          2TiO4C16H36+8ClH->6C4H10+5OCH4+3OC+2TiCl4
47   3.805088e-01 -359.115   -21.114   20   20.00  0.853  -86.199   1.020  -86.372  -87.608   0.964  -0.679     1.327  -0.376    -0.847     -65.258          TiO4C16H36+5CH4+4ClCH3->5C5H12+4OH2+TiCl4
204  3.747343e-01 -359.601    29.781   62   20.67  0.726  -99.696  27.461 -126.310 -129.537   0.778  -0.231     2.914  -0.234    -0.847    -156.091        3TiO4C16H36+16H2+12ClH->16C3H8+12OH2+3TiCl4
31   3.630909e-01 -360.901    42.758   14   18.00  0.715  -57.467  -1.468  -55.152  -56.329   1.012  -1.638     2.524  -0.721    -0.847     -97.910             TiO4C16H36+4ClH->2CH4+4C3H8+2O2C+TiCl4
182  3.587808e-01 -360.772    42.711   42   18.00  0.720  -55.324  -1.078  -53.399  -54.622   1.068  -1.636     2.508  -0.717    -0.847     -96.110       3TiO4C16H36+12ClH->16C2H6+2C5H12+6O2C+3TiCl4
196  3.580351e-01 -359.456   -12.419   62   20.67  0.891  -41.964  -0.102  -41.015  -42.392   1.431  -0.793     1.017  -0.278    -0.847     -28.596  3TiO4C16H36+16C2H6+12ClCH3->16C5H12+12OCH4+3TiCl4
7    3.407576e-01 -360.912    44.036   14   18.00  0.718  -54.000  -0.844  -52.309  -53.607   1.052  -1.622     2.582  -0.714    -0.847     -96.345            TiO4C16H36+4ClH->5C2H6+C4H10+2O2C+TiCl4
278  3.403907e-01 -360.421    37.452  130   18.89  0.775  -47.321  -9.077  -37.397  -39.451   1.631  -1.023     2.449  -1.003    -0.847     -74.849     9TiO4C16H36+36ClCH3->40C4H10+16OH2+20OC+9TiCl4
51   3.376069e-01 -361.318    16.649   22   22.00  0.777   15.466   8.930    5.839    2.576   1.804  -0.631     2.211  -0.121     0.697     -10.810          TiO4C16H36+6C2H6+4ClH->6C4H10+4OCH4+TiCl4
30   3.361618e-01 -360.326    41.240   14   18.00  0.767  -20.526  -7.130  -12.549  -14.882   1.804  -0.987     2.391  -0.875    -0.847     -53.789          TiO4C16H36+4ClCH3->4C4H10+2OCH4+2OC+TiCl4
198  3.328137e-01 -360.778   -20.392   62   20.67  0.866  -70.626   2.914  -72.693  -74.205   1.450  -0.835     1.184  -0.287    -0.847     -52.301     3TiO4C16H36+16C2H6+12ClH->16C5H12+12OH2+3TiCl4
10   3.254822e-01 -360.769    45.383   14   18.00  0.713  -52.113  -0.524  -50.742  -52.088   1.043  -1.607     2.621  -0.711    -0.847     -96.125            TiO4C16H36+4ClH->4C2H6+2C3H8+2O2C+TiCl4
39   3.250058e-01 -360.861    45.229   14   18.00  0.716  -51.917  -0.513  -50.814  -52.186   1.047  -1.607     2.644  -0.712    -0.590     -96.043            TiO4C16H36+4ClH->5C2H6+C4H10+2O2C+TiCl4
183  3.243753e-01 -360.841    45.148   42   18.00  0.718  -51.895  -0.503  -50.834  -52.193   1.053  -1.606     2.625  -0.713    -0.558     -95.982       3TiO4C16H36+12ClH->16C2H6+2C5H12+6O2C+3TiCl4
55   3.238966e-01 -361.623     9.495   22   22.00  0.831    2.967   6.942   -3.128   -5.957   1.835  -0.719     1.841  -0.128    -0.847     -12.623          TiO4C16H36+6C2H6+4ClH->6C4H10+4OCH4+TiCl4
208  3.225171e-01 -359.933   -31.362   58   20.67  0.764 -165.497  11.336 -175.986 -173.921  -1.246  -2.086     1.114   0.153    -0.847    -144.624       3TiO4C16H36+16OC+12ClH->10C5H12+14O2C+3TiCl4
50   3.038339e-01 -360.370    25.453   22   22.00  0.747   30.352  11.697   19.502   15.887   1.871  -0.538     2.362  -0.080    -0.847      -5.951            TiO4C16H36+6CH4+4ClH->6C3H8+4OCH4+TiCl4
279  2.990452e-01 -360.195    42.751  130   18.89  0.744  -38.063  -7.604  -30.755  -33.130   1.608  -0.958     2.723  -0.998     0.296     -73.506     9TiO4C16H36+36ClCH3->40C4H10+16OH2+20OC+9TiCl4
41   2.921154e-01 -360.122    46.009   14   18.00  0.742  -12.194  -5.804   -6.572   -9.195   1.783  -0.928     2.638  -0.870     0.182     -52.581          TiO4C16H36+4ClCH3->4C4H10+2OCH4+2OC+TiCl4
49   2.861485e-01 -361.408    15.463   22   22.00  0.852   16.246   9.053    5.442    2.217   1.867  -0.621     2.108  -0.129     1.751     -10.021          TiO4C16H36+6C3H8+4ClH->6C5H12+4OCH4+TiCl4
216  2.821193e-01 -359.598     0.080   70   23.33  0.777  -56.346   6.037  -63.251  -65.711   0.828  -0.441     2.404  -0.331     0.868     -63.331    3TiO4C16H36+20CH4+12ClCH3->20C4H10+12OH2+3TiCl4
58   2.689230e-01 -360.790    -6.469   22   22.00  0.923  -14.612   3.874  -17.639  -19.651   2.007  -0.887     1.060  -0.168    -0.847     -11.170          TiO4C16H36+6C3H8+4ClH->6C5H12+4OCH4+TiCl4
209  2.644686e-01 -358.279    37.754   62   20.67  0.756  -71.035  24.445  -94.633  -97.726   0.759  -0.188     2.747  -0.225    -0.847    -132.387     3TiO4C16H36+16H2+12ClCH3->16C3H8+12OCH4+3TiCl4
217  2.329674e-01 -359.937    -7.868   70   23.33  0.842  -70.234   3.828  -73.215  -75.191   0.862  -0.539     1.993  -0.340    -0.847     -65.347    3TiO4C16H36+20CH4+12ClCH3->20C4H10+12OH2+3TiCl4
218  2.117072e-01 -360.138    -9.988   70   23.33  0.875  -73.326   3.027  -78.392  -80.249   0.794  -0.531     1.968  -0.374     2.039     -68.404   3TiO4C16H36+20C2H6+12ClCH3->20C5H12+12OH2+3TiCl4
215  1.987990e-01 -357.980    28.359   70   23.33  0.758 -143.951  27.958 -171.062 -173.716   0.110  -0.071     2.966  -0.351    -0.847    -199.421      3TiO4C16H36+20H2+12ClCH3->20C3H8+12OH2+3TiCl4
18   1.959822e-01 -361.086    55.250   14   18.00  0.718   17.586  -1.317   19.750   16.471   2.316  -0.992     2.701  -0.746    -0.847     -35.500             TiO4C16H36+4ClH->4C3H8+2OCH4+2OC+TiCl4
266  1.844427e-01 -361.128    53.520  102   19.14  0.719   -7.325  -3.421   -3.057   -6.093   2.165  -1.034     2.796  -0.891    -0.847     -56.577        7TiO4C16H36+28ClH->32C3H8+12OH2+16OC+7TiCl4
46   1.805350e-01 -360.553    50.783   16   20.00  0.729  -62.380   3.247  -64.780  -66.265   0.955  -1.537     2.777  -0.710    -0.847    -115.563               TiO4C16H36+H2+4ClH->7C2H6+2O2C+TiCl4
270  1.642244e-01 -360.771    51.726  110   20.29  0.728  -53.138  -1.649  -50.642  -51.826   1.014  -1.750     2.698  -0.778    -0.847    -102.368        7TiO4C16H36+4OH2+28ClH->48C2H6+16O2C+7TiCl4
256  1.426795e-01 -360.770    50.945   82   21.20  0.731  -65.393  -2.402  -62.144  -63.137   0.896  -1.803     2.731  -0.831    -0.847    -113.089       5TiO4C16H36+4OCH4+20ClH->36C2H6+12O2C+5TiCl4
53   1.376909e-01 -360.555    46.088   18   22.00  0.769  -52.765  -0.586  -50.466  -51.774   1.013  -1.610     2.609  -0.704    -1.713     -96.554           TiO4C16H36+2C5H12+4ClH->8C3H8+2O2C+TiCl4
52   1.366607e-01 -360.637    48.009   18   22.00  0.738  -46.759   0.420  -46.332  -47.847   1.074  -1.577     2.718  -0.700    -0.847     -94.341             TiO4C16H36+2CH4+4ClH->8C2H6+2O2C+TiCl4
59   1.301255e-01 -361.435    49.694   18   22.00  0.726  -36.831   1.742  -37.726  -39.451   1.318  -1.640     2.699  -0.652    -0.847     -87.420           TiO4C16H36+6ClH->6C2H6+2O2C+TiCl4+2ClCH3
68   1.272986e-01 -360.229    11.484   26   26.00  0.761  -23.519  11.126  -33.798  -36.957   1.370  -0.485     2.470  -0.196    -0.847     -45.282             TiO4C16H36+8CH4+4ClH->8C3H8+4OH2+TiCl4
57   1.258881e-01 -359.466    49.975   22   22.00  0.733  -47.316  31.490  -77.959  -81.901   1.251  -0.207     3.006  -0.108    -0.847    -127.934             TiO4C16H36+6H2+4ClH->6C2H6+4OCH4+TiCl4
80   1.187915e-01 -361.492    -0.255   26   26.00  0.814  -43.368   7.436  -52.015  -54.704   1.281  -0.609     2.268  -0.251     1.211     -51.760           TiO4C16H36+8C2H6+4ClH->8C4H10+4OH2+TiCl4
82   1.080456e-01 -360.170     7.717   26   26.00  0.841  -14.706   4.420  -20.337  -22.893   1.262  -0.566     2.101  -0.241     1.211     -28.054        TiO4C16H36+8C2H6+4ClCH3->8C4H10+4OCH4+TiCl4
66   1.044989e-01 -358.906    19.457   26   26.00  0.790    5.142   8.110   -2.121   -5.147   1.351  -0.442     2.303  -0.186    -0.847     -21.578          TiO4C16H36+8CH4+4ClCH3->8C3H8+4OCH4+TiCl4
219  1.025988e-01 -359.452   -34.357   70   23.33  0.961 -107.612  -2.726 -104.039 -104.549   0.950  -0.827     0.804  -0.417    -0.847     -69.682   3TiO4C16H36+20C2H6+12ClCH3->20C5H12+12OH2+3TiCl4
202  9.675363e-02 -359.861    59.186   46   20.67  0.746  -11.879  -9.241   -1.791   -4.368   1.945  -1.048     2.755  -1.075    -0.847     -60.977       3TiO4C16H36+12ClCH3->16C3H8+4OCH4+8OC+3TiCl4
54   9.348629e-02 -360.761    53.399   18   22.00  0.779  -42.479   1.140  -42.772  -44.483   0.966  -1.522     2.958  -0.691    -0.847     -96.171           TiO4C16H36+2C5H12+4ClH->8C3H8+2O2C+TiCl4
62   9.203994e-02 -361.899    -9.794   26   26.00  0.903  -60.033   4.785  -63.971  -66.082   1.323  -0.726     1.775  -0.261    -0.847     -54.177           TiO4C16H36+8C2H6+4ClH->8C4H10+4OH2+TiCl4
61   9.144782e-02 -360.577    -1.821   26   26.00  0.927  -31.371   1.770  -32.294  -34.270   1.303  -0.684     1.608  -0.251    -0.847     -30.473        TiO4C16H36+8C2H6+4ClCH3->8C4H10+4OCH4+TiCl4
205  9.039947e-02 -360.982    61.230   46   20.67  0.726  -27.781  -4.182  -22.752  -24.799   1.647  -1.523     2.857  -0.934    -0.847     -83.982          3TiO4C16H36+12ClH->20C2H6+4O2C+4OC+3TiCl4
70   8.950404e-02 -361.612    -1.835   26   26.00  0.937  -42.328   7.600  -52.545  -55.186   1.365  -0.595     2.132  -0.261     2.617     -50.710           TiO4C16H36+8C3H8+4ClH->8C5H12+4OH2+TiCl4
271  8.862732e-02 -359.889    58.033  110   21.43  0.748  -28.486 -10.644  -16.995  -19.409   1.844  -1.076     2.818  -1.172    -0.847     -75.028       7TiO4C16H36+28ClCH3->40C3H8+8OH2+20OC+7TiCl4
86   8.382617e-02 -360.290     6.137   26   26.00  0.960  -13.666   4.584  -20.867  -23.374   1.346  -0.552     1.965  -0.252     2.617     -27.004        TiO4C16H36+8C3H8+4ClCH3->8C5H12+4OCH4+TiCl4
60   6.059231e-02 -358.787    52.961   20   24.00  0.765 -113.480   6.258 -118.891 -119.896   0.229  -1.330     2.932  -0.826    -0.847    -171.852            TiO4C16H36+3H2+4ClCH3->9C2H6+2O2C+TiCl4
72   5.480170e-02 -359.023    44.180   26   26.00  0.738 -127.077  37.516 -163.746 -167.343   0.544  -0.043     3.329  -0.233    -0.847    -207.926              TiO4C16H36+8H2+4ClH->8C2H6+4OH2+TiCl4
85   5.263521e-02 -359.467   -23.106   26   26.00  1.071  -54.809  -2.320  -51.642  -52.531   1.533  -0.907     0.567  -0.304    -0.847     -28.536        TiO4C16H36+8C3H8+4ClCH3->8C5H12+4OCH4+TiCl4
261  4.661249e-02 -361.128    45.558   90   26.00  0.776   24.189 -36.791   61.827   60.390   2.847  -1.765     1.887  -1.532    -0.847      16.269      5TiO4C16H36+20ClCH3->24H2+16C5H12+20OC+5TiCl4
87   4.418384e-02 -360.789   -31.079   26   26.00  1.050  -83.471   0.696  -83.320  -84.344   1.552  -0.949     0.734  -0.313    -0.847     -52.241           TiO4C16H36+8C3H8+4ClH->8C5H12+4OH2+TiCl4
71   4.234326e-02 -360.401    46.002   22   26.00  0.806  -52.897  -0.567  -50.454  -51.699   1.025  -1.606     2.529  -0.703    -1.876     -96.456          TiO4C16H36+4C4H10+4ClH->10C3H8+2O2C+TiCl4
283  4.122126e-02 -359.443    55.790  134   24.86  0.761  -85.753  -8.429  -76.477  -76.577   0.405  -1.970     2.696  -1.031    -0.847    -132.267     7TiO4C16H36+12OH2+28ClCH3->60C2H6+20O2C+7TiCl4
263  3.606160e-02 -362.630    53.067   90   26.00  0.734   66.821 -34.611  102.279  100.049   3.437  -1.852     2.053  -1.408    -0.847      49.212        5TiO4C16H36+20ClH->28H2+12C5H12+20OC+5TiCl4
73   3.464149e-02 -357.701    52.153   26   26.00  0.767  -98.415  34.501 -132.069 -135.532   0.525  -0.000     3.162  -0.224    -0.847    -184.222           TiO4C16H36+8H2+4ClCH3->8C2H6+4OCH4+TiCl4
84   3.182340e-02 -360.198    50.772   22   26.00  0.829  -44.564   0.758  -44.475  -46.009   1.004  -1.547     2.775  -0.698    -0.847     -95.247          TiO4C16H36+4C4H10+4ClH->10C3H8+2O2C+TiCl4
56   2.935546e-02 -361.247    74.087   16   22.00  0.722   19.235  -6.407   26.489   23.127   2.585  -1.174     3.015  -1.064    -0.847     -47.598              TiO4C16H36+4ClH->6C2H6+OCH4+3OC+TiCl4
265  2.730789e-02 -361.457    57.256   90   26.00  0.752   40.647 -34.029   74.138   72.054   2.772  -1.623     2.446  -1.511     0.538      16.882      5TiO4C16H36+20ClCH3->24H2+16C5H12+20OC+5TiCl4
92   2.633844e-02 -358.765     5.488   30   30.00  0.810  -48.729   7.539  -55.421  -57.992   0.850  -0.389     2.412  -0.302    -0.847     -60.909         TiO4C16H36+10CH4+4ClCH3->10C3H8+4OH2+TiCl4
81   2.629919e-02 -361.513    57.315   18   26.00  0.765   23.841 -32.394   57.082   55.136   2.693  -1.631     2.397  -1.513    -0.847      -0.233            TiO4C16H36+4ClCH3->4H2+4C4H10+4OC+TiCl4
257  2.347663e-02 -361.277    74.535   82   22.80  0.724    7.719  -7.729   16.295   13.040   2.533  -1.205     3.080  -1.153    -0.847     -58.240         5TiO4C16H36+20ClH->32C2H6+4OH2+16OC+5TiCl4
264  2.271256e-02 -362.877    61.840   90   26.00  0.720   79.164 -32.540  111.512  108.797   3.381  -1.746     2.472  -1.392     0.192      49.672        5TiO4C16H36+20ClH->28H2+12C5H12+20OC+5TiCl4
78   2.221712e-02 -362.918    61.884   18   26.00  0.727   66.559 -31.314   98.720   96.109   3.322  -1.752     2.435  -1.394    -0.847      36.836              TiO4C16H36+4ClH->5H2+3C4H10+4OC+TiCl4
103  2.137965e-02 -360.344    -9.187   30   30.00  0.887  -73.540   2.927  -78.193  -80.176   0.739  -0.544     2.159  -0.371     1.726     -69.006       TiO4C16H36+10C2H6+4ClCH3->10C4H10+4OH2+TiCl4
77   2.118086e-02 -361.309    62.084   18   26.00  0.740   32.173 -31.069   63.060   60.824   2.672  -1.572     2.644  -1.508     0.182       0.976            TiO4C16H36+4ClCH3->4H2+4C4H10+4OC+TiCl4
93   1.914600e-02 -358.296    15.746   26   30.00  0.900 -139.846 -13.774 -125.225 -124.395  -0.277  -1.533     2.001  -1.021    -0.847    -140.971         TiO4C16H36+10ClCH3->6C4H10+2O2C+TiCl4+6ClH
100  1.866600e-02 -357.991    22.900   26   30.00  0.851 -127.347 -11.786 -116.258 -115.862  -0.308  -1.445     2.371  -1.014     0.697    -139.158         TiO4C16H36+10ClCH3->6C4H10+2O2C+TiCl4+6ClH
76   1.847199e-02 -362.766    65.461   18   26.00  0.712   72.809 -30.320  103.204  100.376   3.306  -1.708     2.620  -1.390    -0.075      37.743              TiO4C16H36+4ClH->5H2+3C4H10+4OC+TiCl4
269  1.827377e-02 -359.439    53.445  106   27.60  0.775 -122.518 -10.688 -110.983 -110.512   0.051  -2.128     2.794  -1.188    -0.847    -164.428    5TiO4C16H36+12OCH4+20ClCH3->48C2H6+16O2C+5TiCl4
98   1.467455e-02 -360.495   -11.162   30   30.00  1.060  -72.239   3.132  -78.854  -80.775   0.844  -0.526     1.988  -0.385     3.483     -67.692       TiO4C16H36+10C3H8+4ClCH3->10C5H12+4OH2+TiCl4
83   1.390426e-02 -360.479    68.410   18   26.00  0.744  -35.377 -20.524  -14.006  -15.824   2.287  -1.467     2.547  -1.549    -0.847     -82.416           TiO4C16H36+4ClCH3->6CH4+2C5H12+4OC+TiCl4
94   1.372608e-02 -360.853   -21.110   30   30.00  1.012  -94.371  -0.387  -93.137  -94.396   0.791  -0.691     1.543  -0.384    -0.847     -72.027       TiO4C16H36+10C2H6+4ClCH3->10C4H10+4OH2+TiCl4
232  1.251572e-02 -360.653    69.902   54   26.00  0.745   17.699 -26.085   44.631   42.312   2.537  -1.477     2.759  -1.500    -0.847     -25.271        3TiO4C16H36+12ClCH3->8H2+16C3H8+12OC+3TiCl4
75   1.229689e-02 -362.273    71.325   18   26.00  0.715   61.953 -26.581   89.381   86.490   3.205  -1.637     2.707  -1.384    -0.847      18.056               TiO4C16H36+4ClH->4H2+4C3H8+4OC+TiCl4
91   1.004077e-02 -357.258    46.358   30   30.00  0.775 -178.176  40.527 -217.856 -220.974  -0.182   0.164     3.485  -0.349    -0.847    -264.214          TiO4C16H36+10H2+4ClCH3->10C2H6+4OH2+TiCl4
231  9.616766e-03 -360.808    73.708   54   26.00  0.742  -28.991 -19.401   -8.743  -10.857   2.247  -1.411     2.813  -1.535    -0.847     -82.451      3TiO4C16H36+12ClCH3->16CH4+8C4H10+12OC+3TiCl4
67   8.440353e-03 -360.685    75.721   18   26.00  0.735  -25.091 -18.798   -6.312   -8.534   2.240  -1.378     2.896  -1.536     0.019     -82.033           TiO4C16H36+4ClCH3->6CH4+2C5H12+4OC+TiCl4
229  7.831831e-03 -360.672    76.888   54   26.00  0.730  -23.436 -18.517   -4.758   -7.067   2.233  -1.371     2.978  -1.531    -0.161     -81.646      3TiO4C16H36+12ClCH3->16CH4+8C4H10+12OC+3TiCl4
88   6.638313e-03 -361.873    79.727   18   26.00  0.710   -2.673 -15.634   13.808   11.133   2.784  -1.504     2.823  -1.428    -0.847     -65.919              TiO4C16H36+4ClH->7CH4+C5H12+4OC+TiCl4
63   6.533688e-03 -360.339    79.051   18   26.00  0.735  -20.389 -17.917   -1.625   -3.978   2.242  -1.350     2.981  -1.520    -0.847     -80.676            TiO4C16H36+4ClCH3->4CH4+4C3H8+4OC+TiCl4
228  5.378127e-03 -362.037    82.376   54   26.00  0.709    0.520 -15.072   16.439   13.615   2.764  -1.476     2.956  -1.420    -0.847     -65.937        3TiO4C16H36+12ClH->20CH4+4C4H10+12OC+3TiCl4
74   5.294114e-03 -361.840    82.124   18   26.00  0.722   41.418 -19.040   61.305   58.136   3.030  -1.496     3.018  -1.383    -0.847     -20.819               TiO4C16H36+4ClH->2H2+6C2H6+4OC+TiCl4
64   4.978582e-03 -361.976    83.382   18   26.00  0.707    2.470 -14.771   17.655   14.778   2.761  -1.460     2.997  -1.421    -0.414     -65.727              TiO4C16H36+4ClH->7CH4+C5H12+4OC+TiCl4
230  4.756071e-03 -361.969    83.966   54   26.00  0.706    3.297 -14.630   18.431   15.512   2.757  -1.457     3.038  -1.419    -0.504     -65.535        3TiO4C16H36+12ClH->20CH4+4C4H10+12OC+3TiCl4
65   4.331101e-03 -361.803    85.047   18   26.00  0.707    4.821 -14.330   19.998   17.056   2.761  -1.446     3.040  -1.413    -0.847     -65.049              TiO4C16H36+4ClH->6CH4+2C3H8+4OC+TiCl4
79   4.032880e-03 -360.075    84.302   18   26.00  0.756   -9.681 -16.029    7.195    4.505   2.304  -1.289     3.174  -1.499    -0.847     -77.107                 TiO4C16H36+4ClCH3->8C2H6+4OC+TiCl4
101  3.840331e-03 -359.465   -47.716   30   30.00  1.214 -123.669  -5.499 -117.323 -117.224   1.078  -0.969     0.241  -0.449    -0.847     -69.607       TiO4C16H36+10C3H8+4ClCH3->10C5H12+4OH2+TiCl4
69   3.418503e-03 -361.671    87.673   18   26.00  0.711   10.175 -13.386   24.408   21.299   2.792  -1.416     3.136  -1.403    -0.847     -63.265              TiO4C16H36+4ClH->4CH4+4C2H6+4OC+TiCl4
241  6.936572e-04 -361.264    93.393   62   28.67  0.757   20.448 -11.540   33.412   29.990   2.835  -1.357     3.322  -1.378    -1.424     -59.981       3TiO4C16H36+4C5H12+12ClH->28C2H6+12OC+3TiCl4
240  4.315313e-04 -361.401    98.267   62   28.67  0.761   27.305 -10.389   38.541   34.852   2.803  -1.298     3.554  -1.370    -0.847     -59.726       3TiO4C16H36+4C5H12+12ClH->28C2H6+12OC+3TiCl4
99   4.013414e-04 -361.223    93.233   22   30.00  0.763   20.491 -11.520   33.373   29.977   2.846  -1.354     3.283  -1.379    -1.362     -59.860           TiO4C16H36+2C4H10+4ClH->10C2H6+4OC+TiCl4
95   3.159148e-04 -361.121    95.617   22   30.00  0.769   24.657 -10.857   36.361   32.820   2.835  -1.325     3.407  -1.376    -0.847     -59.256           TiO4C16H36+2C4H10+4ClH->10C2H6+4OC+TiCl4
119  8.038100e-05 -363.266    91.044   26   34.00  0.724   30.030 -10.743   41.620   38.088   3.281  -1.542     3.099  -1.306    -0.847     -49.424             TiO4C16H36+8ClH->8CH4+4OC+TiCl4+4ClCH3
137  1.597261e-07 -362.704   127.336   26   38.00  0.709   67.108 -27.192   95.147   90.441   4.511  -1.255     3.555  -2.105    -0.847     -32.189              TiO4C16H36+2O2C+4ClH->10CH4+8OC+TiCl4




---------------------------------------------------------------------
10 reactions with the worst weights:
---------------------------------------------------------------------
           weight      dfH  drE_corr  dn  n+|dn|      u      drH    ddrH      drE  drE_CBS  drE_CV  drE_IT  drE_TPNO  drE_SR  ddrHconf  drE_HF_CBS                                      reaction
137  1.597261e-07 -362.704   127.336  26   38.00  0.709   67.108 -27.192   95.147   90.441   4.511  -1.255     3.555  -2.105    -0.847     -32.189         TiO4C16H36+2O2C+4ClH->10CH4+8OC+TiCl4
119  8.038100e-05 -363.266    91.044  26   34.00  0.724   30.030 -10.743   41.620   38.088   3.281  -1.542     3.099  -1.306    -0.847     -49.424        TiO4C16H36+8ClH->8CH4+4OC+TiCl4+4ClCH3
95   3.159148e-04 -361.121    95.617  22   30.00  0.769   24.657 -10.857   36.361   32.820   2.835  -1.325     3.407  -1.376    -0.847     -59.256      TiO4C16H36+2C4H10+4ClH->10C2H6+4OC+TiCl4
99   4.013414e-04 -361.223    93.233  22   30.00  0.763   20.491 -11.520   33.373   29.977   2.846  -1.354     3.283  -1.379    -1.362     -59.860      TiO4C16H36+2C4H10+4ClH->10C2H6+4OC+TiCl4
240  4.315313e-04 -361.401    98.267  62   28.67  0.761   27.305 -10.389   38.541   34.852   2.803  -1.298     3.554  -1.370    -0.847     -59.726  3TiO4C16H36+4C5H12+12ClH->28C2H6+12OC+3TiCl4
241  6.936572e-04 -361.264    93.393  62   28.67  0.757   20.448 -11.540   33.412   29.990   2.835  -1.357     3.322  -1.378    -1.424     -59.981  3TiO4C16H36+4C5H12+12ClH->28C2H6+12OC+3TiCl4
69   3.418503e-03 -361.671    87.673  18   26.00  0.711   10.175 -13.386   24.408   21.299   2.792  -1.416     3.136  -1.403    -0.847     -63.265         TiO4C16H36+4ClH->4CH4+4C2H6+4OC+TiCl4
101  3.840331e-03 -359.465   -47.716  30   30.00  1.214 -123.669  -5.499 -117.323 -117.224   1.078  -0.969     0.241  -0.449    -0.847     -69.607  TiO4C16H36+10C3H8+4ClCH3->10C5H12+4OH2+TiCl4
79   4.032880e-03 -360.075    84.302  18   26.00  0.756   -9.681 -16.029    7.195    4.505   2.304  -1.289     3.174  -1.499    -0.847     -77.107            TiO4C16H36+4ClCH3->8C2H6+4OC+TiCl4
65   4.331101e-03 -361.803    85.047  18   26.00  0.707    4.821 -14.330   19.998   17.056   2.761  -1.446     3.040  -1.413    -0.847     -65.049         TiO4C16H36+4ClH->6CH4+2C3H8+4OC+TiCl4




---------------------------------------------------------------------
10 reactions with the worst dHf:
---------------------------------------------------------------------
           weight      dfH  drE_corr  dn  n+|dn|      u     drH    ddrH      drE  drE_CBS  drE_CV  drE_IT  drE_TPNO  drE_SR  ddrHconf  drE_HF_CBS                                     reaction
119  8.038100e-05 -363.266    91.044  26    34.0  0.724  30.030 -10.743   41.620   38.088   3.281  -1.542     3.099  -1.306    -0.847     -49.424       TiO4C16H36+8ClH->8CH4+4OC+TiCl4+4ClCH3
78   2.221712e-02 -362.918    61.884  18    26.0  0.727  66.559 -31.314   98.720   96.109   3.322  -1.752     2.435  -1.394    -0.847      36.836        TiO4C16H36+4ClH->5H2+3C4H10+4OC+TiCl4
264  2.271256e-02 -362.877    61.840  90    26.0  0.720  79.164 -32.540  111.512  108.797   3.381  -1.746     2.472  -1.392     0.192      49.672  5TiO4C16H36+20ClH->28H2+12C5H12+20OC+5TiCl4
76   1.847199e-02 -362.766    65.461  18    26.0  0.712  72.809 -30.320  103.204  100.376   3.306  -1.708     2.620  -1.390    -0.075      37.743        TiO4C16H36+4ClH->5H2+3C4H10+4OC+TiCl4
137  1.597261e-07 -362.704   127.336  26    38.0  0.709  67.108 -27.192   95.147   90.441   4.511  -1.255     3.555  -2.105    -0.847     -32.189        TiO4C16H36+2O2C+4ClH->10CH4+8OC+TiCl4
263  3.606160e-02 -362.630    53.067  90    26.0  0.734  66.821 -34.611  102.279  100.049   3.437  -1.852     2.053  -1.408    -0.847      49.212  5TiO4C16H36+20ClH->28H2+12C5H12+20OC+5TiCl4
75   1.229689e-02 -362.273    71.325  18    26.0  0.715  61.953 -26.581   89.381   86.490   3.205  -1.637     2.707  -1.384    -0.847      18.056         TiO4C16H36+4ClH->4H2+4C3H8+4OC+TiCl4
228  5.378127e-03 -362.037    82.376  54    26.0  0.709   0.520 -15.072   16.439   13.615   2.764  -1.476     2.956  -1.420    -0.847     -65.937  3TiO4C16H36+12ClH->20CH4+4C4H10+12OC+3TiCl4
64   4.978582e-03 -361.976    83.382  18    26.0  0.707   2.470 -14.771   17.655   14.778   2.761  -1.460     2.997  -1.421    -0.414     -65.727        TiO4C16H36+4ClH->7CH4+C5H12+4OC+TiCl4
230  4.756071e-03 -361.969    83.966  54    26.0  0.706   3.297 -14.630   18.431   15.512   2.757  -1.457     3.038  -1.419    -0.504     -65.535  3TiO4C16H36+12ClH->20CH4+4C4H10+12OC+3TiCl4
