---------------------------------------------------------------------
Results for m1_00_TiOsBu4-PBE0-D3-TZ_TiCl4.all 

Average dfH = -378.43 

Uncertainty = 1.79
Computational contribution = 1.62
Experimental contribution = 0.76
---------------------------------------------------------------------
Number of reactions with all coeficients ≤  10 : 177  of  291
Parameters:
h1 = 8.81 
h2 = 48.87 

Summ of all weights = 63.44
---------------------------------------------------------------------
Average values and MSE of reaction characteristics:

                      Mean       St dev
          dfH      -378.43         0.81
     drE_corr        23.88        18.39
    n+dn_priv        17.98         2.50
          drH       -37.32        46.70
         ddrH         5.62        10.19
          drE       -42.33        48.77
      drE_CBS       -44.28        47.97
       drE_IT        -0.93         0.56
       drE_CV         0.89         0.79
       drE_SR        -0.39         0.29
   drE_HF_CBS       -66.21        43.69
     ddrHconf        -0.61         0.74
          u/2         0.38         0.02


---------------------------------------------------------------------
177 reactions with the best weights:
---------------------------------------------------------------------
           weight      dfH  drE_corr   dn  n+|dn|      u      drH    ddrH      drE  drE_CBS  drE_CV  drE_IT  drE_TPNO  drE_SR  ddrHconf  drE_HF_CBS                                           reaction
1    1.000000e+00 -378.913    16.310   12   14.00  0.751  -44.837   2.501  -46.146  -47.768   1.124  -1.114     2.057  -0.445    -1.192     -62.456             TiO4C16H36+4ClH->3C5H12+O2C+2OH2+TiCl4
237  9.383860e-01 -378.214    10.587   82   16.40  0.758  -75.068  18.338  -92.214  -94.815   0.953  -0.397     2.253  -0.208    -1.192    -102.801       5TiO4C16H36+16H2+20ClH->16C5H12+20OH2+5TiCl4
13   9.283446e-01 -378.638     2.375   18   18.00  0.721 -106.186  12.077 -118.100 -117.703  -0.886  -1.739     2.216   0.012    -0.163    -120.475             TiO4C16H36+4OC+4ClH->4C4H10+4O2C+TiCl4
195  9.264161e-01 -377.586    10.233   50   15.00  0.796  -79.910  -3.637  -75.081  -75.666   0.577  -1.206     1.842  -0.628    -1.192     -85.314      4TiO4C16H36+16ClCH3->15C5H12+5O2C+6OH2+4TiCl4
5    9.129869e-01 -378.719    14.642   16   16.00  0.763   26.009   9.369   17.832   14.763   1.804  -0.591     1.922  -0.066    -1.192       3.190           TiO4C16H36+3CH4+4ClH->3C5H12+4OCH4+TiCl4
253  9.021683e-01 -377.588    16.254   86   14.57  0.786  -52.595  -2.299  -49.104  -50.076   0.803  -1.148     1.863  -0.546    -1.192     -65.358    7TiO4C16H36+28ClCH3->24C5H12+8O2C+12OCH4+7TiCl4
249  8.973012e-01 -378.916    24.339   82   13.43  0.742   -8.416   4.286  -11.510  -13.649   1.426  -1.037     2.085  -0.335    -1.192     -35.849      7TiO4C16H36+28ClH->18C5H12+6O2C+16OCH4+7TiCl4
0    8.663481e-01 -379.222    27.277   12   14.00  0.730  -29.408   5.091  -34.606  -36.835   1.054  -0.981     2.581  -0.425     0.107     -61.883             TiO4C16H36+4ClH->3C5H12+O2C+2OH2+TiCl4
36   8.648110e-01 -378.841    -2.395   18   18.00  0.747 -114.519  10.752 -124.079 -123.391  -0.866  -1.798     1.969   0.007    -1.192    -121.684             TiO4C16H36+4OC+4ClH->4C4H10+4O2C+TiCl4
234  8.518999e-01 -378.544    22.285   82   16.40  0.734  -58.611  21.100  -79.904  -83.151   0.878  -0.255     2.812  -0.188     0.193    -102.189       5TiO4C16H36+16H2+20ClH->16C5H12+20OH2+5TiCl4
223  8.376499e-01 -378.394    26.068   74   14.80  0.745   -3.775  17.502  -20.085  -23.344   1.524  -0.442     2.252  -0.075    -1.192     -46.153      5TiO4C16H36+12H2+20ClH->12C5H12+20OCH4+5TiCl4
194  8.265000e-01 -377.972    23.941   50   15.00  0.764  -60.624  -0.401  -60.654  -61.997   0.489  -1.040     2.498  -0.604     0.431     -84.595      4TiO4C16H36+16ClCH3->15C5H12+5O2C+6OH2+4TiCl4
40   8.161423e-01 -379.059     9.975   18   18.00  0.754  -14.785  10.947  -26.272  -29.428   1.233  -0.418     2.512  -0.171     0.540     -36.247            TiO4C16H36+4CH4+4ClH->4C5H12+4OH2+TiCl4
243  8.085757e-01 -377.635    12.645   82   18.00  0.748 -107.395   3.165 -110.603 -110.308  -0.709  -1.573     2.362  -0.375     0.043    -123.248     5TiO4C16H36+12OC+20ClCH3->24C4H10+16O2C+5TiCl4
3    8.024506e-01 -379.027    25.609   16   16.00  0.742   41.437  11.959   29.371   25.696   1.734  -0.458     2.446  -0.047     0.107       3.762           TiO4C16H36+3CH4+4ClH->3C5H12+4OCH4+TiCl4
15   7.970588e-01 -377.366    -7.037   18   18.00  0.771 -136.230   7.629 -144.399 -143.218  -1.395  -1.667     1.992  -0.111     0.540    -137.362           TiO4C16H36+4OC+4ClCH3->4C5H12+4O2C+TiCl4
239  7.897756e-01 -376.892    18.560   82   16.40  0.787  -46.406  15.323  -60.537  -63.003   0.934  -0.355     2.086  -0.199    -1.192     -79.097    5TiO4C16H36+16H2+20ClCH3->16C5H12+20OCH4+5TiCl4
245  7.713633e-01 -377.879     6.922   82   18.00  0.784 -117.394   1.575 -117.777 -117.134  -0.684  -1.644     2.066  -0.381    -1.192    -124.699     5TiO4C16H36+12OC+20ClCH3->24C4H10+16O2C+5TiCl4
32   7.681108e-01 -378.647    -4.647   18   18.00  0.790  -35.357   7.494  -41.659  -44.005   1.326  -0.596     1.813  -0.197    -1.192     -37.012            TiO4C16H36+4CH4+4ClH->4C5H12+4OH2+TiCl4
254  7.637978e-01 -377.941    28.787   86   14.57  0.759  -34.962   0.660  -35.914  -37.580   0.723  -0.996     2.462  -0.523     0.292     -64.701    7TiO4C16H36+28ClCH3->24C5H12+8O2C+12OCH4+7TiCl4
248  7.457463e-01 -379.181    33.738   82   13.43  0.726    4.808   6.505   -1.618   -4.277   1.366  -0.923     2.534  -0.318    -0.079     -35.356      7TiO4C16H36+28ClH->18C5H12+6O2C+16OCH4+7TiCl4
23   7.416711e-01 -376.712     3.079   18   18.00  0.806 -117.700  16.159 -132.667 -134.474   0.362  -0.309     2.087  -0.333    -1.192    -135.746           TiO4C16H36+4H2+4ClCH3->4C5H12+4OH2+TiCl4
17   7.271569e-01 -378.921     6.696   18   18.00  0.808   13.161   7.122    7.231    4.597   1.796  -0.680     1.609  -0.091    -1.192       0.535          TiO4C16H36+4C2H6+4ClH->4C5H12+4OCH4+TiCl4
25   7.195952e-01 -377.325     3.325   18   18.00  0.818   -6.695   4.479   -9.982  -12.194   1.307  -0.553     1.646  -0.188    -1.192     -13.307         TiO4C16H36+4CH4+4ClCH3->4C5H12+4OCH4+TiCl4
26   7.155448e-01 -377.124    17.701   18   18.00  0.770  -97.128  19.611 -117.279 -119.895   0.269  -0.132     2.786  -0.307     0.540    -134.980           TiO4C16H36+4H2+4ClCH3->4C5H12+4OH2+TiCl4
242  7.112123e-01 -379.612    22.033   70   18.00  0.745  -14.605 -13.336   -0.077   -0.723   1.296  -1.831     1.862  -0.681    -1.192     -22.110       5TiO4C16H36+20ClH->16H2+14C5H12+10O2C+5TiCl4
247  7.095441e-01 -378.110    14.525   70   18.00  0.790  -57.237 -15.515  -40.530  -40.382   0.705  -1.744     1.696  -0.805    -1.192     -55.055     5TiO4C16H36+20ClCH3->12H2+18C5H12+10O2C+5TiCl4
9    7.033321e-01 -378.599    22.344   18   18.00  0.747  -75.417  22.735  -96.960 -100.070   0.799  -0.263     2.763  -0.189    -1.192    -119.304             TiO4C16H36+4H2+4ClH->4C4H10+4OH2+TiCl4
227  6.955883e-01 -378.641    34.841   74   14.80  0.731    8.568  19.574  -10.853  -14.597   1.468  -0.336     2.671  -0.059    -0.153     -45.694      5TiO4C16H36+12H2+20ClH->12C5H12+20OCH4+5TiCl4
37   6.912096e-01 -377.737    17.947   18   18.00  0.782   13.877   7.931    5.406    2.386   1.213  -0.376     2.345  -0.162     0.540     -12.541         TiO4C16H36+4CH4+4ClCH3->4C5H12+4OCH4+TiCl4
20   6.855621e-01 -378.589    26.764   16   18.00  0.723  -70.472   6.547  -75.827  -76.378   0.002  -1.612     2.478  -0.317    -1.192    -102.591              TiO4C16H36+2OC+4ClH->5C3H8+3O2C+TiCl4
42   6.839636e-01 -378.396    27.113   18   18.00  0.721  -67.084  24.060  -90.981  -94.380   0.778  -0.205     3.010  -0.184    -0.163    -118.094             TiO4C16H36+4H2+4ClH->4C4H10+4OH2+TiCl4
12   6.781217e-01 -379.212    22.590   18   18.00  0.759   35.588  11.055   25.725   22.212   1.743  -0.507     2.322  -0.045    -1.192       3.135           TiO4C16H36+4CH4+4ClH->4C4H10+4OCH4+TiCl4
24   6.692530e-01 -379.332    21.318   18   18.00  0.773   33.732  10.574   22.618   19.175   1.702  -0.502     2.308  -0.065     0.540       1.300          TiO4C16H36+4C2H6+4ClH->4C5H12+4OCH4+TiCl4
220  6.632975e-01 -379.106    35.713   62   14.80  0.739   22.845   2.344   21.693   18.665   2.058  -0.829     2.256  -0.457    -1.192     -14.020       5TiO4C16H36+20ClH->12C5H12+14OCH4+6OC+5TiCl4
235  6.597981e-01 -377.222    30.257   82   16.40  0.764  -29.949  18.085  -48.227  -51.340   0.859  -0.213     2.645  -0.178     0.193     -78.484    5TiO4C16H36+16H2+20ClCH3->16C5H12+20OCH4+5TiCl4
22   6.562573e-01 -379.008    27.359   18   18.00  0.734   43.920  12.380   31.703   27.900   1.722  -0.448     2.569  -0.040    -0.163       4.344           TiO4C16H36+4CH4+4ClH->4C4H10+4OCH4+TiCl4
2    6.395538e-01 -378.683    34.885   16   16.00  0.739   -4.036  20.800  -23.644  -27.284   1.408  -0.342     2.635  -0.061    -1.192     -58.529            TiO4C16H36+3H2+4ClH->3C4H10+4OCH4+TiCl4
33   6.153707e-01 -377.786    25.951   14   18.00  0.770  -87.020  -7.382  -78.446  -78.487   0.425  -1.595     2.025  -0.814    -1.192    -104.397          TiO4C16H36+4ClCH3->3CH4+3C5H12+2O2C+TiCl4
238  6.142904e-01 -377.842    31.419   66   16.40  0.780  -10.913  -4.889   -4.832   -6.989   1.645  -0.870     2.091  -0.709    -1.192     -36.251     5TiO4C16H36+20ClCH3->16C5H12+12OCH4+8OC+5TiCl4
6    6.118060e-01 -376.954   -21.659   18   18.00  0.806 -156.802   4.176 -159.786 -157.797  -1.302  -1.844     1.293  -0.136    -1.192    -138.127           TiO4C16H36+4OC+4ClCH3->4C5H12+4O2C+TiCl4
244  6.059591e-01 -378.481    27.684   70   18.00  0.761  -38.722 -12.408  -26.680  -27.259   0.621  -1.584     2.324  -0.782     0.366     -54.364     5TiO4C16H36+20ClCH3->12H2+18C5H12+10O2C+5TiCl4
4    5.969948e-01 -378.530    38.462   16   16.00  0.724    2.213  21.794  -19.161  -23.019   1.393  -0.298     2.820  -0.057    -0.420     -57.623            TiO4C16H36+3H2+4ClH->3C4H10+4OCH4+TiCl4
246  5.934107e-01 -379.900    32.268   70   18.00  0.726   -0.205 -10.919   10.694    9.483   1.230  -1.707     2.351  -0.663     0.020     -21.574       5TiO4C16H36+20ClH->16H2+14C5H12+10O2C+5TiCl4
126  5.818535e-01 -378.543    27.751   28   18.00  0.776  -57.629 -10.570  -45.867  -46.291   0.532  -1.593     2.269  -0.784    -1.192     -73.618         2TiO4C16H36+8ClCH3->3H2+9C4H10+4O2C+2TiCl4
127  5.765834e-01 -379.949    32.320   28   18.00  0.736  -14.911  -9.489   -4.230   -5.320   1.161  -1.714     2.308  -0.665    -1.192     -36.550           2TiO4C16H36+8ClH->5H2+7C4H10+4O2C+2TiCl4
44   5.674060e-01 -377.768     2.313   20   20.00  0.799  -42.346   6.919  -50.238  -52.739   0.712  -0.336     2.411  -0.286     0.973     -52.551          TiO4C16H36+5CH4+4ClCH3->5C5H12+4OH2+TiCl4
197  5.541449e-01 -379.033    12.309   62   20.67  0.739  -11.475  11.508  -23.163  -26.490   1.217  -0.405     2.676  -0.161     0.180     -35.472      3TiO4C16H36+16CH4+12ClH->16C4H10+12OH2+3TiCl4
128  5.505942e-01 -378.315    33.116   28   18.00  0.745  -48.255  -9.079  -39.141  -39.890   0.508  -1.527     2.547  -0.779    -0.035     -72.257         2TiO4C16H36+8ClCH3->3H2+9C4H10+4O2C+2TiCl4
11   5.466687e-01 -377.277    30.316   18   18.00  0.776  -46.755  19.719  -65.282  -68.256   0.779  -0.221     2.596  -0.180    -1.192     -95.598          TiO4C16H36+4H2+4ClCH3->4C4H10+4OCH4+TiCl4
207  5.452181e-01 -378.414   -14.027   58   20.67  0.738 -130.215  15.797 -146.263 -145.127  -1.458  -1.817     1.907   0.232     0.251    -132.236       3TiO4C16H36+16OC+12ClH->10C5H12+14O2C+3TiCl4
129  5.402115e-01 -379.771    36.493   28   18.00  0.716   -7.619  -8.329    1.002   -0.341   1.142  -1.663     2.524  -0.660    -0.292     -35.491           2TiO4C16H36+8ClH->5H2+7C4H10+4O2C+2TiCl4
29   5.300997e-01 -377.584    33.896   14   18.00  0.751  -74.172  -5.134  -67.846  -68.323   0.433  -1.506     2.339  -0.789    -1.192    -101.742         TiO4C16H36+4ClCH3->4C2H6+2C5H12+2O2C+TiCl4
233  5.256294e-01 -378.905    41.653   66   16.40  0.721  -32.539   2.635  -33.982  -35.811   0.948  -1.286     2.725  -0.558    -1.192     -75.635         5TiO4C16H36+20ClH->24C3H8+8O2C+4OH2+5TiCl4
203  5.182108e-01 -379.304     5.950   62   20.67  0.783  -22.585   9.741  -31.134  -34.074   1.245  -0.484     2.347  -0.168    -1.192     -37.084      3TiO4C16H36+16CH4+12ClH->16C4H10+12OH2+3TiCl4
34   5.158568e-01 -379.180    37.267   14   18.00  0.724  -54.316  -2.492  -50.632  -51.529   0.922  -1.633     2.301  -0.693    -1.192     -87.899            TiO4C16H36+4ClH->4CH4+2C5H12+2O2C+TiCl4
224  5.132790e-01 -379.353    44.486   62   14.80  0.725   35.189   4.415   30.927   27.415   2.001  -0.722     2.675  -0.442    -0.153     -13.559       5TiO4C16H36+20ClH->12C5H12+14OCH4+6OC+5TiCl4
35   5.122006e-01 -377.074    35.085   18   18.00  0.751  -38.422  21.044  -59.303  -62.568   0.759  -0.162     2.843  -0.175    -0.163     -94.388          TiO4C16H36+4H2+4ClCH3->4C4H10+4OCH4+TiCl4
45   5.109144e-01 -377.194    17.774   20   20.00  0.789 -118.135  21.654 -138.597 -141.041   0.170  -0.142     2.725  -0.309    -1.192    -156.371           TiO4C16H36+5H2+4ClCH3->5C4H10+4OH2+TiCl4
16   5.108459e-01 -378.279    33.898   14   18.00  0.765  -77.441  -5.697  -70.552  -71.038   0.364  -1.511     2.425  -0.792    -1.192    -104.450          TiO4C16H36+4ClCH3->2CH4+4C4H10+2O2C+TiCl4
48   5.084056e-01 -376.939    23.736   20   20.00  0.751 -107.720  23.311 -131.125 -133.930   0.144  -0.069     3.033  -0.303     0.094    -154.861           TiO4C16H36+5H2+4ClCH3->5C4H10+4OH2+TiCl4
104  5.076784e-01 -378.907    43.582   26   16.00  0.719  -17.374   3.407  -19.589  -21.631   1.092  -1.242     2.695  -0.503    -1.192     -63.171          2TiO4C16H36+8ClH->9C3H8+3O2C+2OCH4+2TiCl4
201  4.926149e-01 -379.465     4.254   62   20.67  0.806  -25.059   9.100  -35.276  -38.120   1.190  -0.477     2.327  -0.196     1.117     -39.530     3TiO4C16H36+16C2H6+12ClH->16C5H12+12OH2+3TiCl4
27   4.872648e-01 -378.095    36.917   14   18.00  0.749  -71.591  -4.793  -66.905  -67.552   0.355  -1.462     2.549  -0.795     0.107    -103.822          TiO4C16H36+4ClCH3->3CH4+3C5H12+2O2C+TiCl4
38   4.722736e-01 -378.076    38.668   14   18.00  0.740  -69.108  -4.372  -64.573  -65.350   0.344  -1.452     2.672  -0.787    -0.163    -103.241          TiO4C16H36+4ClCH3->2CH4+4C4H10+2O2C+TiCl4
8    4.716605e-01 -378.004    37.871   14   18.00  0.750  -70.200  -4.433  -64.575  -65.278   0.386  -1.465     2.561  -0.779    -1.192    -102.446         TiO4C16H36+4ClCH3->3C2H6+3C4H10+2O2C+TiCl4
273  4.642116e-01 -379.691    42.206  122   17.11  0.737   -4.255  -0.583   -2.480   -5.481   1.860  -0.871     2.711  -0.699    -1.192     -44.686       9TiO4C16H36+36ClH->32C4H10+20OH2+16OC+9TiCl4
200  4.601889e-01 -377.711    20.281   62   20.67  0.768   17.187   8.493    8.514    5.322   1.198  -0.363     2.509  -0.152     0.180     -11.767   3TiO4C16H36+16CH4+12ClCH3->16C4H10+12OCH4+3TiCl4
236  4.538734e-01 -378.171    43.117   66   16.40  0.756    5.545  -2.127    7.479    4.676   1.570  -0.728     2.650  -0.689     0.193     -35.638     5TiO4C16H36+20ClCH3->16C5H12+12OCH4+8OC+5TiCl4
206  4.520381e-01 -377.982    13.922   62   20.67  0.811    6.077   6.726    0.543   -2.263   1.226  -0.441     2.180  -0.159    -1.192     -13.379   3TiO4C16H36+16CH4+12ClCH3->16C4H10+12OCH4+3TiCl4
47   4.484465e-01 -377.253   -15.964   20   20.00  0.853  -68.061   2.604  -69.473  -70.964   0.829  -0.558     1.538  -0.318    -1.192     -53.509          TiO4C16H36+5CH4+4ClCH3->5C5H12+4OH2+TiCl4
199  4.365039e-01 -378.143    12.227   62   20.67  0.833    3.603   6.085   -3.599   -6.309   1.171  -0.435     2.160  -0.186     1.117     -15.826  3TiO4C16H36+16C2H6+12ClCH3->16C5H12+12OCH4+3TiCl4
14   4.349035e-01 -377.852    41.448   14   18.00  0.736  -63.950  -3.439  -60.091  -61.011   0.370  -1.421     2.746  -0.775    -0.420    -101.539         TiO4C16H36+4ClCH3->3C2H6+3C4H10+2O2C+TiCl4
185  4.345008e-01 -379.508    42.566   42   18.00  0.722  -47.930  -1.368  -45.370  -46.565   0.882  -1.577     2.568  -0.678    -1.192     -87.936        3TiO4C16H36+12ClH->10CH4+8C4H10+6O2C+3TiCl4
21   4.326484e-01 -377.790    41.207   14   18.00  0.741  -63.886  -3.408  -60.152  -61.034   0.387  -1.417     2.688  -0.776    -0.326    -101.359         TiO4C16H36+4ClCH3->4C2H6+2C5H12+2O2C+TiCl4
106  4.324225e-01 -379.573    46.941   26   16.00  0.731   29.239   1.851   28.580   25.230   2.075  -0.825     2.639  -0.539    -1.192     -18.361          2TiO4C16H36+8ClH->6C4H10+5OCH4+3OC+2TiCl4
184  4.250120e-01 -379.196    43.334   42   18.00  0.720  -20.284  -3.968  -15.124  -16.539   1.025  -1.580     2.624  -0.654    -1.192     -58.458          3TiO4C16H36+12ClH->4H2+14C3H8+6O2C+3TiCl4
272  4.190482e-01 -379.511    46.445  122   17.11  0.717    3.152   0.595    2.834   -0.424   1.841  -0.819     2.931  -0.695    -0.277     -43.611       9TiO4C16H36+36ClH->32C4H10+20OH2+16OC+9TiCl4
208  4.143035e-01 -378.071   -26.212   58   20.67  0.764 -147.358  12.920 -159.086 -157.277  -1.380  -1.965     1.325   0.211    -1.192    -132.874       3TiO4C16H36+16OC+12ClH->10C5H12+14O2C+3TiCl4
28   4.116834e-01 -379.385    44.578   14   18.00  0.715  -44.031  -0.765  -42.940  -44.243   0.876  -1.544     2.651  -0.680    -0.326     -87.518            TiO4C16H36+4ClH->4CH4+2C5H12+2O2C+TiCl4
19   4.109923e-01 -377.576    41.912   14   18.00  0.751  -64.538  -3.471  -59.875  -60.718   0.357  -1.420     2.676  -0.770    -1.192    -101.787                TiO4C16H36+4ClCH3->6C3H8+2O2C+TiCl4
43   4.019587e-01 -378.038    44.326   18   18.00  0.727   -8.642  25.532  -32.982  -36.902   1.292  -0.227     2.906  -0.051    -1.192     -77.308             TiO4C16H36+4H2+4ClH->4C3H8+4OCH4+TiCl4
186  3.994729e-01 -379.373    45.745   42   18.00  0.710  -42.375  -0.485  -41.384  -42.772   0.868  -1.537     2.732  -0.675    -0.506     -87.129        3TiO4C16H36+12ClH->10CH4+8C4H10+6O2C+3TiCl4
196  3.972861e-01 -377.594    -7.269   62   20.67  0.891  -23.826   1.482  -24.116  -25.748   1.296  -0.671     1.228  -0.221    -1.192     -16.847  3TiO4C16H36+16C2H6+12ClCH3->16C5H12+12OCH4+3TiCl4
198  3.901080e-01 -378.916   -15.241   62   20.67  0.866  -52.488   4.497  -55.793  -57.559   1.315  -0.714     1.395  -0.230    -1.192     -40.552     3TiO4C16H36+16C2H6+12ClH->16C5H12+12OH2+3TiCl4
105  3.884182e-01 -379.421    50.518   26   16.00  0.717   35.489   2.845   33.064   29.496   2.060  -0.781     2.824  -0.535    -0.420     -17.454          2TiO4C16H36+8ClH->6C4H10+5OCH4+3OC+2TiCl4
204  3.670043e-01 -377.739    34.931   62   20.67  0.726  -81.558  29.044 -109.410 -112.891   0.643  -0.110     3.125  -0.177    -1.192    -144.341        3TiO4C16H36+16H2+12ClH->16C3H8+12OH2+3TiCl4
31   3.618665e-01 -379.039    47.908   14   18.00  0.715  -39.329   0.116  -38.253  -39.686   0.877  -1.516     2.735  -0.663    -1.192     -86.161             TiO4C16H36+4ClH->2CH4+4C3H8+2O2C+TiCl4
182  3.575171e-01 -378.910    47.862   42   18.00  0.720  -37.186   0.505  -36.499  -37.979   0.933  -1.514     2.720  -0.659    -1.192     -84.361       3TiO4C16H36+12ClH->16C2H6+2C5H12+6O2C+3TiCl4
7    3.406630e-01 -379.050    49.187   14   18.00  0.718  -35.862   0.739  -35.409  -36.962   0.917  -1.501     2.793  -0.656    -1.192     -84.596            TiO4C16H36+4ClH->5C2H6+C4H10+2O2C+TiCl4
278  3.357609e-01 -378.559    42.602  130   18.89  0.775  -29.183  -7.493  -20.498  -22.806   1.496  -0.902     2.660  -0.946    -1.192     -63.100     9TiO4C16H36+36ClCH3->40C4H10+16OH2+20OC+9TiCl4
30   3.338911e-01 -378.464    46.390   14   18.00  0.767   -2.388  -5.546    4.350    1.762   1.669  -0.865     2.602  -0.818    -1.192     -42.040          TiO4C16H36+4ClCH3->4C4H10+2OCH4+2OC+TiCl4
51   3.336573e-01 -379.456    21.799   22   22.00  0.777   33.604  10.513   22.740   19.222   1.669  -0.510     2.422  -0.063     0.351       0.941          TiO4C16H36+6C2H6+4ClH->6C4H10+4OCH4+TiCl4
10   3.265608e-01 -378.907    50.534   14   18.00  0.713  -33.975   1.060  -33.843  -35.444   0.908  -1.486     2.832  -0.653    -1.192     -84.377            TiO4C16H36+4ClH->4C2H6+2C3H8+2O2C+TiCl4
39   3.259582e-01 -378.999    50.379   14   18.00  0.716  -33.779   1.071  -33.915  -35.541   0.912  -1.486     2.855  -0.655    -0.935     -84.294            TiO4C16H36+4ClH->5C2H6+C4H10+2O2C+TiCl4
55   3.253571e-01 -379.761    14.645   22   22.00  0.831   21.105   8.525   13.772   10.689   1.700  -0.598     2.052  -0.071    -1.192      -0.873          TiO4C16H36+6C2H6+4ClH->6C4H10+4OCH4+TiCl4
183  3.252400e-01 -378.979    50.299   42   18.00  0.718  -33.757   1.081  -33.934  -35.548   0.918  -1.485     2.836  -0.655    -0.904     -84.233       3TiO4C16H36+12ClH->16C2H6+2C5H12+6O2C+3TiCl4
279  2.980200e-01 -378.333    47.902  130   18.89  0.744  -19.924  -6.020  -13.855  -16.485   1.473  -0.837     2.934  -0.940    -0.049     -61.757     9TiO4C16H36+36ClCH3->40C4H10+16OH2+20OC+9TiCl4
50   2.975719e-01 -378.508    30.603   22   22.00  0.747   48.490  13.281   36.401   32.531   1.736  -0.417     2.573  -0.022    -1.192       5.798            TiO4C16H36+6CH4+4ClH->6C3H8+4OCH4+TiCl4
41   2.936005e-01 -378.261    51.160   14   18.00  0.742    5.945  -4.220   10.328    7.451   1.648  -0.807     2.849  -0.813    -0.163     -40.832          TiO4C16H36+4ClCH3->4C4H10+2OCH4+2OC+TiCl4
216  2.930676e-01 -377.736     5.231   70   23.33  0.777  -38.208   7.621  -46.352  -49.066   0.693  -0.320     2.615  -0.274     0.523     -51.583    3TiO4C16H36+20CH4+12ClCH3->20C4H10+12OH2+3TiCl4
58   2.883044e-01 -378.929    -1.319   22   22.00  0.923    3.527   5.458   -0.739   -3.007   1.872  -0.765     1.271  -0.110    -1.192       0.580          TiO4C16H36+6C3H8+4ClH->6C5H12+4OCH4+TiCl4
49   2.834031e-01 -379.546    20.614   22   22.00  0.852   34.384  10.636   22.342   18.862   1.732  -0.499     2.319  -0.072     1.406       1.728          TiO4C16H36+6C3H8+4ClH->6C5H12+4OCH4+TiCl4
209  2.609939e-01 -376.417    42.904   62   20.67  0.756  -52.896  26.029  -77.733  -81.080   0.624  -0.067     2.958  -0.168    -1.192    -120.637     3TiO4C16H36+16H2+12ClCH3->16C3H8+12OCH4+3TiCl4
217  2.516627e-01 -378.075    -2.718   70   23.33  0.842  -52.096   5.412  -56.316  -58.547   0.727  -0.418     2.204  -0.282    -1.192     -53.598    3TiO4C16H36+20CH4+12ClCH3->20C4H10+12OH2+3TiCl4
218  2.314810e-01 -378.276    -4.837   70   23.33  0.875  -55.188   4.611  -61.493  -63.605   0.660  -0.410     2.179  -0.317     1.694     -56.656   3TiO4C16H36+20C2H6+12ClCH3->20C5H12+12OH2+3TiCl4
18   2.036254e-01 -379.225    60.400   14   18.00  0.718   35.725   0.267   36.650   33.117   2.181  -0.871     2.912  -0.689    -1.192     -23.750             TiO4C16H36+4ClH->4C3H8+2OCH4+2OC+TiCl4
215  1.946366e-01 -376.118    33.509   70   23.33  0.758 -125.812  29.541 -154.161 -157.071  -0.024   0.050     3.177  -0.293    -1.192    -187.670      3TiO4C16H36+20H2+12ClCH3->20C3H8+12OH2+3TiCl4
266  1.902481e-01 -379.266    58.671  102   19.14  0.719   10.813  -1.837   13.842   10.552   2.030  -0.913     3.007  -0.834    -1.192     -44.829        7TiO4C16H36+28ClH->32C3H8+12OH2+16OC+7TiCl4
46   1.842875e-01 -378.691    55.933   16   20.00  0.729  -44.242   4.831  -47.881  -49.621   0.820  -1.415     2.988  -0.653    -1.192    -103.814               TiO4C16H36+H2+4ClH->7C2H6+2O2C+TiCl4
270  1.682133e-01 -378.909    56.877  110   20.29  0.728  -35.000  -0.065  -33.743  -35.181   0.879  -1.629     2.909  -0.721    -1.192     -90.620        7TiO4C16H36+4OH2+28ClH->48C2H6+16O2C+7TiCl4
256  1.457307e-01 -378.908    56.095   82   21.20  0.731  -47.255  -0.818  -45.245  -46.494   0.761  -1.681     2.942  -0.773    -1.192    -101.340       5TiO4C16H36+4OCH4+20ClH->36C2H6+12O2C+5TiCl4
53   1.384282e-01 -378.693    51.238   18   22.00  0.769  -34.627   0.997  -33.566  -35.128   0.878  -1.489     2.820  -0.647    -2.058     -84.804           TiO4C16H36+2C5H12+4ClH->8C3H8+2O2C+TiCl4
52   1.381940e-01 -378.776    53.159   18   22.00  0.738  -28.620   2.004  -29.432  -31.202   0.939  -1.455     2.929  -0.643    -1.192     -82.591             TiO4C16H36+2CH4+4ClH->8C2H6+2O2C+TiCl4
219  1.355776e-01 -377.590   -29.207   70   23.33  0.961  -89.474  -1.142  -87.140  -87.905   0.815  -0.705     1.015  -0.360    -1.192     -57.933   3TiO4C16H36+20C2H6+12ClCH3->20C5H12+12OH2+3TiCl4
59   1.323151e-01 -379.573    54.845   18   22.00  0.726  -18.693   3.325  -20.826  -22.805   1.183  -1.519     2.910  -0.595    -1.192     -75.671           TiO4C16H36+6ClH->6C2H6+2O2C+TiCl4+2ClCH3
57   1.281370e-01 -377.604    55.125   22   22.00  0.733  -29.178  33.074  -61.060  -65.257   1.116  -0.086     3.217  -0.050    -1.192    -116.185             TiO4C16H36+6H2+4ClH->6C2H6+4OCH4+TiCl4
68   1.271936e-01 -378.367    16.634   26   26.00  0.761   -5.381  12.709  -16.898  -20.314   1.235  -0.363     2.682  -0.138    -1.192     -33.532             TiO4C16H36+8CH4+4ClH->8C3H8+4OH2+TiCl4
80   1.235811e-01 -379.631     4.895   26   26.00  0.814  -25.229   9.020  -35.115  -38.061   1.146  -0.487     2.480  -0.193     0.866     -40.010           TiO4C16H36+8C2H6+4ClH->8C4H10+4OH2+TiCl4
82   1.091064e-01 -378.308    12.868   26   26.00  0.841    3.432   6.004   -3.438   -6.249   1.127  -0.445     2.313  -0.184     0.866     -16.306        TiO4C16H36+8C2H6+4ClCH3->8C4H10+4OCH4+TiCl4
66   1.028433e-01 -377.045    24.607   26   26.00  0.790   23.281   9.694   14.779   11.498   1.216  -0.321     2.515  -0.129    -1.192      -9.828          TiO4C16H36+8CH4+4ClCH3->8C3H8+4OCH4+TiCl4
202  1.023695e-01 -378.000    64.336   46   20.67  0.746    6.260  -7.658   15.110   12.279   1.810  -0.927     2.966  -1.018    -1.192     -49.226       3TiO4C16H36+12ClCH3->16C3H8+4OCH4+8OC+3TiCl4
62   1.005219e-01 -380.037    -4.644   26   26.00  0.903  -41.895   6.369  -47.072  -49.438   1.188  -0.605     1.986  -0.203    -1.192     -42.428           TiO4C16H36+8C2H6+4ClH->8C4H10+4OH2+TiCl4
205  9.664514e-02 -379.120    66.380   46   20.67  0.726   -9.643  -2.598   -5.853   -8.154   1.512  -1.402     3.068  -0.877    -1.192     -72.233          3TiO4C16H36+12ClH->20C2H6+4O2C+4OC+3TiCl4
54   9.638655e-02 -378.899    58.549   18   22.00  0.779  -24.341   2.723  -25.872  -27.838   0.831  -1.400     3.169  -0.634    -1.192     -84.421           TiO4C16H36+2C5H12+4ClH->8C3H8+2O2C+TiCl4
61   9.580402e-02 -378.715     3.329   26   26.00  0.927  -13.233   3.353  -15.394  -17.625   1.169  -0.563     1.819  -0.194    -1.192     -18.723        TiO4C16H36+8C2H6+4ClCH3->8C4H10+4OCH4+TiCl4
70   9.377368e-02 -379.751     3.315   26   26.00  0.937  -24.189   9.184  -35.645  -38.541   1.230  -0.473     2.343  -0.204     2.272     -38.960           TiO4C16H36+8C3H8+4ClH->8C5H12+4OH2+TiCl4
271  9.325061e-02 -378.027    63.183  110   21.43  0.748  -10.348  -9.060   -0.096   -2.766   1.709  -0.954     3.029  -1.114    -1.192     -63.279       7TiO4C16H36+28ClCH3->40C3H8+8OH2+20OC+7TiCl4
86   8.508355e-02 -378.428    11.287   26   26.00  0.960    4.472   6.168   -3.968   -6.729   1.211  -0.431     2.176  -0.195     2.272     -15.255        TiO4C16H36+8C3H8+4ClCH3->8C5H12+4OCH4+TiCl4
85   6.299974e-02 -377.605   -17.956   26   26.00  1.071  -36.671  -0.736  -34.743  -35.887   1.398  -0.786     0.778  -0.246    -1.192     -16.787        TiO4C16H36+8C3H8+4ClCH3->8C5H12+4OCH4+TiCl4
60   6.236315e-02 -376.926    58.111   20   24.00  0.765  -95.341   7.842 -101.991 -103.250   0.094  -1.209     3.143  -0.769    -1.192    -160.102            TiO4C16H36+3H2+4ClCH3->9C2H6+2O2C+TiCl4
87   5.661094e-02 -378.927   -25.929   26   26.00  1.050  -65.333   2.279  -66.420  -67.698   1.417  -0.828     0.945  -0.256    -1.192     -40.491           TiO4C16H36+8C3H8+4ClH->8C5H12+4OH2+TiCl4
72   5.480676e-02 -377.161    49.331   26   26.00  0.738 -108.939  39.100 -146.847 -150.698   0.409   0.078     3.540  -0.176    -1.192    -196.178              TiO4C16H36+8H2+4ClH->8C2H6+4OH2+TiCl4
261  4.678971e-02 -379.266    50.709   90   26.00  0.776   42.328 -35.207   78.727   77.035   2.712  -1.644     2.098  -1.474    -1.192      28.018      5TiO4C16H36+20ClCH3->24H2+16C5H12+20OC+5TiCl4
283  4.292738e-02 -377.581    60.941  134   24.86  0.761  -67.614  -6.845  -59.577  -59.932   0.270  -1.849     2.907  -0.973    -1.192    -120.518     7TiO4C16H36+12OH2+28ClCH3->60C2H6+20O2C+7TiCl4
71   4.255768e-02 -378.539    51.153   22   26.00  0.806  -34.759   1.017  -33.555  -35.054   0.890  -1.485     2.740  -0.646    -2.221     -84.708          TiO4C16H36+4C4H10+4ClH->10C3H8+2O2C+TiCl4
263  3.713110e-02 -380.768    58.217   90   26.00  0.734   84.959 -33.027  119.178  116.693   3.302  -1.731     2.264  -1.350    -1.192      60.961        5TiO4C16H36+20ClH->28H2+12C5H12+20OC+5TiCl4
73   3.554209e-02 -375.839    57.303   26   26.00  0.767  -80.277  36.084 -115.169 -118.886   0.390   0.121     3.373  -0.167    -1.192    -172.472           TiO4C16H36+8H2+4ClCH3->8C2H6+4OCH4+TiCl4
56   3.400689e-02 -379.385    79.237   16   22.00  0.722   37.373  -4.824   43.389   39.772   2.450  -1.052     3.226  -1.007    -1.192     -35.848              TiO4C16H36+4ClH->6C2H6+OCH4+3OC+TiCl4
84   3.248359e-02 -378.336    55.922   22   26.00  0.829  -26.426   2.342  -27.576  -29.364   0.869  -1.426     2.986  -0.641    -1.192     -83.498          TiO4C16H36+4C4H10+4ClH->10C3H8+2O2C+TiCl4
265  2.862810e-02 -379.595    62.406   90   26.00  0.752   58.785 -32.445   91.037   88.699   2.637  -1.502     2.657  -1.454     0.193      28.631      5TiO4C16H36+20ClCH3->24H2+16C5H12+20OC+5TiCl4
81   2.757816e-02 -379.651    62.465   18   26.00  0.765   41.979 -30.811   73.982   71.782   2.558  -1.510     2.608  -1.456    -1.192      11.517            TiO4C16H36+4ClCH3->4H2+4C4H10+4OC+TiCl4
257  2.728360e-02 -379.415    79.686   82   22.80  0.724   25.857  -6.145   33.194   29.685   2.398  -1.084     3.291  -1.096    -1.192     -46.492         5TiO4C16H36+20ClH->32C2H6+4OH2+16OC+5TiCl4
92   2.679269e-02 -376.903    10.638   30   30.00  0.810  -30.591   9.123  -38.522  -41.347   0.715  -0.268     2.623  -0.245    -1.192     -49.160         TiO4C16H36+10CH4+4ClCH3->10C3H8+4OH2+TiCl4
264  2.436022e-02 -381.015    66.990   90   26.00  0.720   97.302 -30.956  128.411  125.442   3.246  -1.625     2.683  -1.335    -0.153      61.421        5TiO4C16H36+20ClH->28H2+12C5H12+20OC+5TiCl4
78   2.383443e-02 -381.057    67.034   18   26.00  0.727   84.698 -29.730  115.620  112.753   3.187  -1.631     2.647  -1.336    -1.192      48.586              TiO4C16H36+4ClH->5H2+3C4H10+4OC+TiCl4
103  2.326800e-02 -378.483    -4.036   30   30.00  0.887  -55.401   4.511  -61.293  -63.531   0.604  -0.422     2.370  -0.314     1.381     -57.257       TiO4C16H36+10C2H6+4ClCH3->10C4H10+4OH2+TiCl4
77   2.274710e-02 -379.448    67.234   18   26.00  0.740   50.312 -29.485   79.960   77.470   2.537  -1.451     2.855  -1.451    -0.163      12.726            TiO4C16H36+4ClCH3->4H2+4C4H10+4OC+TiCl4
76   2.021921e-02 -380.904    70.611   18   26.00  0.712   90.947 -28.736  120.103  117.020   3.171  -1.587     2.831  -1.332    -0.420      49.492              TiO4C16H36+4ClH->5H2+3C4H10+4OC+TiCl4
93   1.895222e-02 -376.435    20.897   26   30.00  0.900 -121.707 -12.190 -108.325 -107.749  -0.412  -1.412     2.212  -0.964    -1.192    -129.222         TiO4C16H36+10ClCH3->6C4H10+2O2C+TiCl4+6ClH
269  1.884325e-02 -377.578    58.596  106   27.60  0.775 -104.380  -9.104  -94.084  -93.869  -0.084  -2.007     3.006  -1.130    -1.192    -152.680    5TiO4C16H36+12OCH4+20ClCH3->48C2H6+16O2C+5TiCl4
100  1.830613e-02 -376.130    28.051   26   30.00  0.851 -109.208 -10.202  -99.357  -99.216  -0.443  -1.324     2.582  -0.956     0.351    -127.408         TiO4C16H36+10ClCH3->6C4H10+2O2C+TiCl4+6ClH
94   1.617652e-02 -378.991   -15.959   30   30.00  1.012  -76.233   1.197  -76.238  -77.753   0.656  -0.569     1.754  -0.326    -1.192     -60.279       TiO4C16H36+10C2H6+4ClCH3->10C4H10+4OH2+TiCl4
98   1.615793e-02 -378.633    -6.011   30   30.00  1.060  -54.101   4.716  -61.955  -64.131   0.709  -0.405     2.199  -0.327     3.138     -55.944       TiO4C16H36+10C3H8+4ClCH3->10C5H12+4OH2+TiCl4
83   1.549710e-02 -378.617    73.560   18   26.00  0.744  -17.239 -18.941    2.894    0.821   2.152  -1.345     2.758  -1.492    -1.192     -70.666           TiO4C16H36+4ClCH3->6CH4+2C5H12+4OC+TiCl4
232  1.408408e-02 -378.791    75.053   54   26.00  0.745   35.837 -24.501   61.530   58.956   2.403  -1.356     2.970  -1.443    -1.192     -13.523        3TiO4C16H36+12ClCH3->8H2+16C3H8+12OC+3TiCl4
75   1.397137e-02 -380.412    76.475   18   26.00  0.715   80.092 -24.998  106.282  103.137   3.070  -1.516     2.918  -1.327    -1.192      29.807               TiO4C16H36+4ClH->4H2+4C3H8+4OC+TiCl4
231  1.110939e-02 -378.946    78.859   54   26.00  0.742  -10.853 -17.817    8.156    5.786   2.112  -1.289     3.024  -1.477    -1.192     -70.703      3TiO4C16H36+12ClCH3->16CH4+8C4H10+12OC+3TiCl4
91   1.010244e-02 -375.396    51.508   30   30.00  0.775 -160.038  42.111 -200.957 -204.329  -0.317   0.285     3.696  -0.292    -1.192    -252.465          TiO4C16H36+10H2+4ClCH3->10C2H6+4OH2+TiCl4
67   9.896274e-03 -378.823    80.871   18   26.00  0.735   -6.953 -17.215   10.588    8.111   2.106  -1.257     3.107  -1.479    -0.326     -70.283           TiO4C16H36+4ClCH3->6CH4+2C5H12+4OC+TiCl4
229  9.264516e-03 -378.810    82.038   54   26.00  0.730   -5.298 -16.934   12.142    9.579   2.098  -1.250     3.189  -1.474    -0.506     -69.896      3TiO4C16H36+12ClCH3->16CH4+8C4H10+12OC+3TiCl4
88   8.030901e-03 -380.011    84.877   18   26.00  0.710   15.465 -14.050   30.707   27.777   2.649  -1.383     3.034  -1.370    -1.192     -54.170              TiO4C16H36+4ClH->7CH4+C5H12+4OC+TiCl4
63   7.861303e-03 -378.477    84.201   18   26.00  0.735   -2.251 -16.333   15.274   12.666   2.107  -1.229     3.192  -1.462    -1.192     -68.927            TiO4C16H36+4ClCH3->4CH4+4C3H8+4OC+TiCl4
228  6.651583e-03 -380.175    87.526   54   26.00  0.709   18.658 -13.488   33.338   30.260   2.629  -1.355     3.167  -1.363    -1.192     -54.188        3TiO4C16H36+12ClH->20CH4+4C4H10+12OC+3TiCl4
74   6.533634e-03 -379.978    87.274   18   26.00  0.722   59.556 -17.456   78.204   74.781   2.895  -1.375     3.229  -1.326    -1.192      -9.070               TiO4C16H36+4ClH->2H2+6C2H6+4OC+TiCl4
64   6.210592e-03 -380.114    88.533   18   26.00  0.707   20.608 -13.187   34.554   31.423   2.626  -1.339     3.208  -1.364    -0.759     -53.979              TiO4C16H36+4ClH->7CH4+C5H12+4OC+TiCl4
230  5.963831e-03 -380.107    89.116   54   26.00  0.706   21.435 -13.047   35.331   32.157   2.622  -1.336     3.249  -1.361    -0.849     -53.785        3TiO4C16H36+12ClH->20CH4+4C4H10+12OC+3TiCl4
101  5.855864e-03 -377.604   -42.566   30   30.00  1.214 -105.530  -3.915 -100.423 -100.578   0.943  -0.848     0.452  -0.392    -1.192     -57.857       TiO4C16H36+10C3H8+4ClCH3->10C5H12+4OH2+TiCl4
65   5.482872e-03 -379.941    90.198   18   26.00  0.707   22.959 -12.746   36.897   33.700   2.627  -1.325     3.251  -1.356    -1.192     -53.301              TiO4C16H36+4ClH->6CH4+2C3H8+4OC+TiCl4
79   5.071992e-03 -378.213    89.452   18   26.00  0.756    8.457 -14.445   24.094   21.150   2.169  -1.168     3.385  -1.442    -1.192     -65.358                 TiO4C16H36+4ClCH3->8C2H6+4OC+TiCl4
69   4.433303e-03 -379.809    92.823   18   26.00  0.711   28.313 -11.802   41.307   37.942   2.658  -1.295     3.347  -1.345    -1.192     -51.516              TiO4C16H36+4ClH->4CH4+4C2H6+4OC+TiCl4
241  9.515109e-04 -379.402    98.543   62   28.67  0.757   38.586  -9.956   50.312   46.636   2.700  -1.236     3.533  -1.321    -1.770     -48.231       3TiO4C16H36+4C5H12+12ClH->28C2H6+12OC+3TiCl4
240  6.234516e-04 -379.540   103.417   62   28.67  0.761   45.444  -8.805   55.441   51.496   2.669  -1.177     3.765  -1.312    -1.192     -47.976       3TiO4C16H36+4C5H12+12ClH->28C2H6+12OC+3TiCl4
99   5.496305e-04 -379.361    98.383   22   30.00  0.763   38.629  -9.936   50.272   46.621   2.711  -1.233     3.494  -1.321    -1.707     -48.111           TiO4C16H36+2C4H10+4ClH->10C2H6+4OC+TiCl4
95   4.434851e-04 -379.259   100.768   22   30.00  0.769   42.795  -9.273   53.260   49.465   2.700  -1.204     3.618  -1.319    -1.192     -47.508           TiO4C16H36+2C4H10+4ClH->10C2H6+4OC+TiCl4
119  1.076820e-04 -381.405    96.194   26   34.00  0.724   48.169  -9.159   58.520   54.734   3.146  -1.421     3.310  -1.249    -1.192     -37.674             TiO4C16H36+8ClH->8CH4+4OC+TiCl4+4ClCH3
137  3.395249e-07 -380.842   132.487   26   38.00  0.709   85.246 -25.609  112.047  107.087   4.376  -1.134     3.766  -2.048    -1.192     -20.440              TiO4C16H36+2O2C+4ClH->10CH4+8OC+TiCl4




---------------------------------------------------------------------
10 reactions with the worst weights:
---------------------------------------------------------------------
           weight      dfH  drE_corr  dn  n+|dn|      u      drH    ddrH      drE  drE_CBS  drE_CV  drE_IT  drE_TPNO  drE_SR  ddrHconf  drE_HF_CBS                                      reaction
137  3.395249e-07 -380.842   132.487  26   38.00  0.709   85.246 -25.609  112.047  107.087   4.376  -1.134     3.766  -2.048    -1.192     -20.440         TiO4C16H36+2O2C+4ClH->10CH4+8OC+TiCl4
119  1.076820e-04 -381.405    96.194  26   34.00  0.724   48.169  -9.159   58.520   54.734   3.146  -1.421     3.310  -1.249    -1.192     -37.674        TiO4C16H36+8ClH->8CH4+4OC+TiCl4+4ClCH3
95   4.434851e-04 -379.259   100.768  22   30.00  0.769   42.795  -9.273   53.260   49.465   2.700  -1.204     3.618  -1.319    -1.192     -47.508      TiO4C16H36+2C4H10+4ClH->10C2H6+4OC+TiCl4
99   5.496305e-04 -379.361    98.383  22   30.00  0.763   38.629  -9.936   50.272   46.621   2.711  -1.233     3.494  -1.321    -1.707     -48.111      TiO4C16H36+2C4H10+4ClH->10C2H6+4OC+TiCl4
240  6.234516e-04 -379.540   103.417  62   28.67  0.761   45.444  -8.805   55.441   51.496   2.669  -1.177     3.765  -1.312    -1.192     -47.976  3TiO4C16H36+4C5H12+12ClH->28C2H6+12OC+3TiCl4
241  9.515109e-04 -379.402    98.543  62   28.67  0.757   38.586  -9.956   50.312   46.636   2.700  -1.236     3.533  -1.321    -1.770     -48.231  3TiO4C16H36+4C5H12+12ClH->28C2H6+12OC+3TiCl4
69   4.433303e-03 -379.809    92.823  18   26.00  0.711   28.313 -11.802   41.307   37.942   2.658  -1.295     3.347  -1.345    -1.192     -51.516         TiO4C16H36+4ClH->4CH4+4C2H6+4OC+TiCl4
79   5.071992e-03 -378.213    89.452  18   26.00  0.756    8.457 -14.445   24.094   21.150   2.169  -1.168     3.385  -1.442    -1.192     -65.358            TiO4C16H36+4ClCH3->8C2H6+4OC+TiCl4
65   5.482872e-03 -379.941    90.198  18   26.00  0.707   22.959 -12.746   36.897   33.700   2.627  -1.325     3.251  -1.356    -1.192     -53.301         TiO4C16H36+4ClH->6CH4+2C3H8+4OC+TiCl4
101  5.855864e-03 -377.604   -42.566  30   30.00  1.214 -105.530  -3.915 -100.423 -100.578   0.943  -0.848     0.452  -0.392    -1.192     -57.857  TiO4C16H36+10C3H8+4ClCH3->10C5H12+4OH2+TiCl4




---------------------------------------------------------------------
10 reactions with the worst dHf:
---------------------------------------------------------------------
           weight      dfH  drE_corr  dn  n+|dn|      u     drH    ddrH      drE  drE_CBS  drE_CV  drE_IT  drE_TPNO  drE_SR  ddrHconf  drE_HF_CBS                                     reaction
119  1.076820e-04 -381.405    96.194  26    34.0  0.724  48.169  -9.159   58.520   54.734   3.146  -1.421     3.310  -1.249    -1.192     -37.674       TiO4C16H36+8ClH->8CH4+4OC+TiCl4+4ClCH3
78   2.383443e-02 -381.057    67.034  18    26.0  0.727  84.698 -29.730  115.620  112.753   3.187  -1.631     2.647  -1.336    -1.192      48.586        TiO4C16H36+4ClH->5H2+3C4H10+4OC+TiCl4
264  2.436022e-02 -381.015    66.990  90    26.0  0.720  97.302 -30.956  128.411  125.442   3.246  -1.625     2.683  -1.335    -0.153      61.421  5TiO4C16H36+20ClH->28H2+12C5H12+20OC+5TiCl4
76   2.021921e-02 -380.904    70.611  18    26.0  0.712  90.947 -28.736  120.103  117.020   3.171  -1.587     2.831  -1.332    -0.420      49.492        TiO4C16H36+4ClH->5H2+3C4H10+4OC+TiCl4
137  3.395249e-07 -380.842   132.487  26    38.0  0.709  85.246 -25.609  112.047  107.087   4.376  -1.134     3.766  -2.048    -1.192     -20.440        TiO4C16H36+2O2C+4ClH->10CH4+8OC+TiCl4
263  3.713110e-02 -380.768    58.217  90    26.0  0.734  84.959 -33.027  119.178  116.693   3.302  -1.731     2.264  -1.350    -1.192      60.961  5TiO4C16H36+20ClH->28H2+12C5H12+20OC+5TiCl4
75   1.397137e-02 -380.412    76.475  18    26.0  0.715  80.092 -24.998  106.282  103.137   3.070  -1.516     2.918  -1.327    -1.192      29.807         TiO4C16H36+4ClH->4H2+4C3H8+4OC+TiCl4
228  6.651583e-03 -380.175    87.526  54    26.0  0.709  18.658 -13.488   33.338   30.260   2.629  -1.355     3.167  -1.363    -1.192     -54.188  3TiO4C16H36+12ClH->20CH4+4C4H10+12OC+3TiCl4
64   6.210592e-03 -380.114    88.533  18    26.0  0.707  20.608 -13.187   34.554   31.423   2.626  -1.339     3.208  -1.364    -0.759     -53.979        TiO4C16H36+4ClH->7CH4+C5H12+4OC+TiCl4
230  5.963831e-03 -380.107    89.116  54    26.0  0.706  21.435 -13.047   35.331   32.157   2.622  -1.336     3.249  -1.361    -0.849     -53.785  3TiO4C16H36+12ClH->20CH4+4C4H10+12OC+3TiCl4
