---------------------------------------------------------------------
Results for m1_00_TiOsBu4-PBE0-D3-TZ_TiO2.all 

Average dfH = -375.87 

Uncertainty = 5.2
Computational contribution = 0.97
Experimental contribution = 5.11
---------------------------------------------------------------------
Number of reactions with all coeficients ≤  10 : 91  of  130
Parameters:
h1 = 6.96 
h2 = 22.76 

Summ of all weights = 32.45
---------------------------------------------------------------------
Average values and MSE of reaction characteristics:

                      Mean       St dev
          dfH      -375.87         0.48
     drE_corr         3.37        12.28
    n+dn_priv        13.42         1.93
          drH       113.69        25.22
         ddrH        -1.62         9.04
          drE       115.99        31.87
      drE_CBS       120.67        31.81
       drE_IT        -2.09         0.31
       drE_CV        -0.89         0.44
       drE_SR        -3.31         0.24
   drE_HF_CBS       112.61        28.49
     ddrHconf        -0.67         0.63
          u/2         2.55         0.00


---------------------------------------------------------------------
91 reactions with the best weights:
---------------------------------------------------------------------
           weight      dfH  drE_corr  dn  n+|dn|      u      drH    ddrH      drE  drE_CBS  drE_CV  drE_IT  drE_TPNO  drE_SR  ddrHconf  drE_HF_CBS                                 reaction
1    1.000000e+00 -375.974    -1.224   6   10.00  5.104  106.210  -3.725  109.828  115.100  -1.205  -2.314     1.537  -3.290     0.107     111.052              TiO4C16H36->3C5H12+O2C+TiO2
83   9.541070e-01 -376.026    -1.169  30   11.50  5.106   90.455  -2.192   93.839   99.241  -1.280  -2.322     1.491  -3.291    -1.192      95.008      4TiO4C16H36+3H2->15C4H10+4O2C+4TiO2
100  9.512616e-01 -375.345     0.062  48   11.60  5.104  110.597  11.522   99.055  103.060  -1.086  -1.629     1.698  -2.988     0.020      98.993   5TiO4C16H36+14H2->14C5H12+10OCH4+5TiO2
101  9.483906e-01 -375.887     1.079  34   11.60  5.106  127.254  -8.580  137.026  141.867  -0.398  -2.204     1.213  -3.452    -1.192     135.947     5TiO4C16H36->14C5H12+3OCH4+7OC+5TiO2
86   9.378118e-01 -375.836     3.302  30   11.50  5.103   98.266  -0.950   99.443  104.574  -1.299  -2.267     1.722  -3.287    -0.227      96.141      4TiO4C16H36+3H2->15C4H10+4O2C+4TiO2
2    9.232745e-01 -375.955     0.526   8   12.00  5.103  108.693  -3.303  112.159  117.303  -1.217  -2.305     1.660  -3.282    -0.163     111.633          TiO4C16H36+CH4->4C4H10+O2C+TiO2
3    8.908308e-01 -376.158    -4.243   8   12.00  5.107  100.360  -4.629  106.181  111.614  -1.196  -2.363     1.413  -3.287    -1.192     110.424          TiO4C16H36+CH4->4C4H10+O2C+TiO2
45   8.324971e-01 -375.393     0.114  22   13.00  5.105   95.892  12.952   84.132   88.258  -1.156  -1.636     1.655  -2.989    -1.192      84.018      2TiO4C16H36+7H2->7C4H10+4OCH4+2TiO2
44   8.316454e-01 -376.067    -0.864  18   13.00  5.104  106.114  -3.770  109.919  115.134  -1.230  -2.320     1.623  -3.288    -0.035     110.783     2TiO4C16H36+3C2H6->9C4H10+2O2C+2TiO2
104  8.261573e-01 -375.296    -6.216  52   12.40  5.105   77.008  12.285   64.530   68.783  -1.381  -1.588     1.768  -3.052     0.193      70.746    5TiO4C16H36+16H2->16C5H12+10OH2+5TiO2
40   8.041417e-01 -375.215     4.287  22   13.00  5.103  103.183  14.112   89.363   93.236  -1.174  -1.584     1.870  -2.985    -0.292      85.076      2TiO4C16H36+7H2->7C4H10+4OCH4+2TiO2
98   7.781554e-01 -375.056   -10.173  48   11.60  5.107   96.197   9.105   88.284   92.856  -1.021  -1.753     1.208  -3.006    -1.192      98.457   5TiO4C16H36+14H2->14C5H12+10OCH4+5TiO2
46   7.712547e-01 -376.296    -6.229  18   13.00  5.109   96.740  -5.261  103.193  108.734  -1.207  -2.386     1.346  -3.294    -1.192     109.422     2TiO4C16H36+3C2H6->9C4H10+2O2C+2TiO2
106  7.547744e-01 -376.359     9.245  36   12.40  5.105  120.337  -8.265  129.794  134.663  -0.672  -2.297     1.593  -3.493    -1.192     120.549      5TiO4C16H36->18C4H10+2O2C+6OC+5TiO2
0    7.520017e-01 -375.665   -12.190   6   10.00  5.107   90.781  -6.314   98.287  104.165  -1.135  -2.447     1.013  -3.309    -1.192     110.477              TiO4C16H36->3C5H12+O2C+TiO2
102  7.430726e-01 -376.175    11.314  34   11.60  5.104  141.654  -6.164  147.798  152.074  -0.464  -2.080     1.702  -3.434     0.020     136.484     5TiO4C16H36->14C5H12+3OCH4+7OC+5TiO2
8    7.183883e-01 -375.148    -1.388  12   14.00  5.103   68.534  15.245   53.452   57.555  -1.482  -1.538     1.966  -3.049    -0.163      54.840         TiO4C16H36+4H2->4C4H10+2OH2+TiO2
110  6.734137e-01 -376.243     5.901  40   14.00  5.106  140.564 -16.160  157.916  162.874  -0.132  -2.397     1.214  -3.643    -1.192     152.015      5TiO4C16H36->6H2+14C5H12+10OC+5TiO2
6    6.691524e-01 -375.351    -6.157  12   14.00  5.107   60.201  13.919   47.474   51.866  -1.461  -1.596     1.719  -3.054    -1.192      53.631         TiO4C16H36+4H2->4C4H10+2OH2+TiO2
47   6.669868e-01 -375.795   -10.709  22   13.00  5.106  148.944   2.637  145.984  150.069  -0.776  -1.771     1.435  -2.973     0.323     156.693     2TiO4C16H36+7CH4->7C5H12+4OCH4+2TiO2
107  6.256959e-01 -376.176    13.538  36   12.40  5.102  127.836  -7.072  135.174  139.782  -0.691  -2.244     1.815  -3.488    -0.266     121.636      5TiO4C16H36->18C4H10+2O2C+6OC+5TiO2
16   5.797551e-01 -375.220    10.632  10   14.00  5.103   84.697   3.723   82.166   87.218  -1.425  -2.178     1.830  -3.279    -1.192      71.534           TiO4C16H36+2H2->5C3H8+O2C+TiO2
118  5.713513e-01 -376.444    13.705  68   13.11  5.105  131.363  -9.398  141.953  146.452  -0.399  -2.204     1.667  -3.563    -1.192     128.248     9TiO4C16H36->32C4H10+2OH2+16OC+9TiO2
97   5.648264e-01 -376.432    14.179  30   13.00  5.105  134.713  -9.155  145.060  149.525  -0.378  -2.200     1.660  -3.547    -1.192     130.881      4TiO4C16H36->14C4H10+OCH4+7OC+4TiO2
48   5.553890e-01 -376.081    11.614  16   14.00  5.105  125.672 -12.093  138.957  143.821  -0.272  -2.323     1.379  -3.648    -1.192     127.343       2TiO4C16H36->3CH4+5C5H12+4OC+2TiO2
89   4.820702e-01 -375.773    -8.667  40   15.33  5.105  151.841   3.129  148.704  152.641  -0.790  -1.760     1.578  -2.965     0.008     157.371   3TiO4C16H36+14CH4->14C4H10+6OCH4+3TiO2
105  4.786661e-01 -374.967   -17.913  52   12.40  5.108   60.550   9.523   52.219   57.119  -1.307  -1.730     1.209  -3.072    -1.192      70.132    5TiO4C16H36+16H2->16C5H12+10OH2+5TiO2
20   4.751181e-01 -376.205    -1.096  12   16.00  5.108  106.408  -3.754  109.811  114.988  -1.224  -2.320     1.658  -3.291     0.351     110.907        TiO4C16H36+3C3H8->6C4H10+O2C+TiO2
18   4.638755e-01 -375.455     3.771  12   16.00  5.105  113.263  -2.403  116.858  121.935  -1.203  -2.273     1.664  -3.265    -1.192     113.087          TiO4C16H36+3CH4->6C3H8+O2C+TiO2
11   4.510276e-01 -375.980    15.587   8   14.00  5.104  132.096 -10.969  144.257  148.902  -0.268  -2.278     1.536  -3.635    -1.192     128.670        TiO4C16H36->2C2H6+2C5H12+2OC+TiO2
111  4.465566e-01 -375.657    13.153  48   14.80  5.103  103.079  -6.181  110.452  116.124  -1.311  -2.619     1.680  -3.422    -1.192      97.299      5TiO4C16H36+6OH2->24C3H8+8O2C+5TiO2
119  4.415247e-01 -376.263    17.945  68   13.11  5.102  138.770  -8.220  147.267  151.510  -0.418  -2.152     1.886  -3.559    -0.277     129.322     9TiO4C16H36->32C4H10+2OH2+16OC+9TiO2
81   4.391634e-01 -374.641    11.128  40   15.33  5.103   90.518  18.473   73.237   77.037  -1.292  -1.501     1.971  -2.978    -1.192      62.109     3TiO4C16H36+14H2->14C3H8+6OCH4+3TiO2
109  4.360951e-01 -376.532    16.137  40   14.00  5.104  154.964 -13.743  168.687  173.079  -0.197  -2.273     1.703  -3.625     0.020     152.550      5TiO4C16H36->6H2+14C5H12+10OC+5TiO2
96   4.351740e-01 -376.254    18.352  30   13.00  5.102  142.004  -7.995  150.291  154.502  -0.396  -2.148     1.876  -3.543    -0.292     131.939      4TiO4C16H36->14C4H10+OCH4+7OC+4TiO2
49   4.345397e-01 -376.580    16.188  16   14.00  5.105  140.259 -12.313  153.764  158.277  -0.267  -2.280     1.661  -3.627    -1.192     137.576         2TiO4C16H36->H2+7C4H10+4OC+2TiO2
19   4.163046e-01 -376.510    -8.250  12   16.00  5.116   93.909  -5.742  100.843  106.453  -1.192  -2.408     1.288  -3.298    -1.192     109.093        TiO4C16H36+3C3H8->6C4H10+O2C+TiO2
108  3.892892e-01 -375.654    10.260  42   16.00  5.104   80.331  -7.339   88.862   94.853  -1.526  -2.685     1.725  -3.505    -1.192      78.602     4TiO4C16H36+6OCH4->21C3H8+7O2C+4TiO2
78   3.792436e-01 -376.492    18.237  24   14.00  5.105  133.655 -10.689  145.536  150.028  -0.322  -2.253     1.713  -3.630    -1.192     127.299      3TiO4C16H36->2CH4+10C4H10+6OC+3TiO2
85   3.762640e-01 -376.010   -14.231  40   15.33  5.110  142.120   1.583  141.729  146.003  -0.765  -1.829     1.290  -2.970    -1.192     155.960   3TiO4C16H36+14CH4->14C4H10+6OCH4+3TiO2
14   3.711116e-01 -375.811   -18.526  12   14.00  5.108  120.833   2.131  118.162  122.508  -1.027  -1.752     1.468  -3.035     0.540     136.688        TiO4C16H36+4CH4->4C5H12+2OH2+TiO2
92   3.699298e-01 -374.491     6.431  44   16.67  5.104   54.060  20.229   35.023   39.042  -1.616  -1.443     2.081  -3.041    -1.192      28.592      3TiO4C16H36+16H2->16C3H8+6OH2+3TiO2
84   3.450942e-01 -376.151   -15.714  40   15.33  5.112  139.955   1.022  138.105  142.463  -0.813  -1.823     1.273  -2.995     0.828     153.819  3TiO4C16H36+14C2H6->14C5H12+6OCH4+3TiO2
13   3.444690e-01 -376.400    19.561   8   14.00  5.104  136.068 -10.267  147.527  151.946  -0.315  -2.237     1.758  -3.625    -1.192     127.966         TiO4C16H36->C2H6+3C4H10+2OC+TiO2
10   3.438547e-01 -375.976    19.595   8   14.00  5.102  136.913 -10.137  148.242  152.704  -0.306  -2.235     1.705  -3.626    -1.192     128.647         TiO4C16H36->3C3H8+C5H12+2OC+TiO2
51   3.241353e-01 -376.402    20.361  16   14.00  5.102  147.550 -11.153  158.995  163.256  -0.285  -2.229     1.876  -3.623    -0.292     138.634         2TiO4C16H36->H2+7C4H10+4OC+2TiO2
52   3.140870e-01 -376.338    20.753  16   14.00  5.103  138.529  -9.935  148.574  152.932  -0.330  -2.212     1.816  -3.632    -0.110     127.821       2TiO4C16H36->3CH4+5C5H12+4OC+2TiO2
5    3.102942e-01 -376.258    20.909   8   14.00  5.102  137.956  -9.947  149.095  153.469  -0.325  -2.223     1.796  -3.622    -1.192     128.186        TiO4C16H36->2C3H8+2C4H10+2OC+TiO2
42   2.861734e-01 -375.435   -23.503  22   13.00  5.110  130.944  -0.383  132.519  137.312  -0.694  -1.927     0.824  -2.996    -1.192     156.022     2TiO4C16H36+7CH4->7C5H12+4OCH4+2TiO2
77   2.784122e-01 -376.323    22.212  24   14.00  5.102  140.599  -9.584  150.518  154.769  -0.340  -2.204     1.918  -3.625    -0.335     128.306      3TiO4C16H36->2CH4+10C4H10+6OC+3TiO2
12   2.622741e-01 -376.186    22.898   8   14.00  5.102  142.382  -9.243  151.951  156.192  -0.314  -2.190     1.885  -3.622    -0.326     129.053        TiO4C16H36->2C2H6+2C5H12+2OC+TiO2
4    2.567417e-01 -376.248    23.138   8   14.00  5.102  142.318  -9.273  152.011  156.213  -0.331  -2.193     1.943  -3.621    -0.420     128.873         TiO4C16H36->C2H6+3C4H10+2OC+TiO2
9    2.541807e-01 -376.079    23.250   8   14.00  5.102  142.056  -9.274  152.089  156.349  -0.329  -2.191     1.879  -3.619    -0.759     128.839         TiO4C16H36->3C3H8+C5H12+2OC+TiO2
7    2.533002e-01 -376.156    23.293   8   14.00  5.101  142.122  -9.284  152.084  156.312  -0.335  -2.193     1.920  -3.620    -0.678     128.791        TiO4C16H36->2C3H8+2C4H10+2OC+TiO2
95   2.414878e-01 -375.786   -16.192  44   16.67  5.105  124.144   2.693  121.271  125.446  -1.042  -1.739     1.631  -3.025     0.180     137.463    3TiO4C16H36+16CH4->16C4H10+6OH2+3TiO2
23   1.601877e-01 -376.615    16.225  12   18.00  5.117  129.755 -11.291  143.104  147.703  -0.316  -2.285     1.630  -3.628    -2.058     126.879       TiO4C16H36+2C5H12->6C4H10+2OC+TiO2
93   1.497080e-01 -376.057   -22.551  44   16.67  5.112  113.033   0.926  113.299  117.860  -1.015  -1.817     1.303  -3.032    -1.192     135.850    3TiO4C16H36+16CH4->16C4H10+6OH2+3TiO2
17   1.440299e-01 -375.906    24.915  10   16.00  5.103  144.407  -8.834  154.433  158.628  -0.329  -2.177     1.922  -3.611    -1.192     129.518           TiO4C16H36+CH4->5C3H8+2OC+TiO2
82   1.337547e-01 -375.828    27.202  28   15.33  5.103  134.885  -6.792  142.869  147.057  -0.403  -2.146     1.977  -3.616    -1.192     115.667        3TiO4C16H36+2H2->14C3H8+6OC+3TiO2
94   1.282606e-01 -376.217   -24.246  44   16.67  5.116  110.559   0.285  109.157  113.814  -1.069  -1.811     1.283  -3.060     1.117     133.403   3TiO4C16H36+16C2H6->16C5H12+6OH2+3TiO2
32   1.213940e-01 -375.190    -4.882  18   20.00  5.107  157.173   4.180  154.185  158.043  -0.774  -1.723     1.583  -2.944    -1.192     159.067        TiO4C16H36+7CH4->7C3H8+2OCH4+TiO2
24   9.305185e-02 -376.310    23.379  12   18.00  5.108  142.254  -9.303  152.072  156.238  -0.348  -2.197     2.000  -3.621    -0.515     128.693       TiO4C16H36+2C5H12->6C4H10+2OC+TiO2
22   9.138053e-02 -376.821    23.536  12   18.00  5.118  140.041  -9.565  150.798  154.994  -0.363  -2.197     1.979  -3.615    -1.192     127.262       TiO4C16H36+2C5H12->6C4H10+2OC+TiO2
21   9.128849e-02 -375.972    23.603  12   18.00  5.105  141.730  -9.306  152.228  156.508  -0.344  -2.193     1.873  -3.616    -1.192     128.625         TiO4C16H36+2C2H6->6C3H8+2OC+TiO2
116  8.828315e-02 -376.018    30.170  64   15.71  5.103  146.431 -10.652  158.275  162.486  -0.229  -2.246     1.962  -3.698    -1.192     128.105      7TiO4C16H36+2OH2->32C3H8+16OC+7TiO2
15   8.619198e-02 -375.399   -33.148  12   14.00  5.113  100.261  -1.321  102.774  107.928  -0.933  -1.929     0.769  -3.061    -1.192     135.922        TiO4C16H36+4CH4->4C5H12+2OH2+TiO2
90   8.518508e-02 -376.025    29.882  28   16.00  5.103  142.279 -11.003  154.474  158.725  -0.254  -2.253     1.978  -3.722    -1.192     124.592       3TiO4C16H36+OCH4->14C3H8+7OC+3TiO2
30   8.141508e-02 -376.296   -15.154  18   20.00  5.113  139.806   0.951  138.246  142.516  -0.852  -1.832     1.406  -2.992     0.609     153.400      TiO4C16H36+7C2H6->7C4H10+2OCH4+TiO2
27   7.435146e-02 -376.401   -16.536  18   20.00  5.129  140.716   1.095  137.782  142.095  -0.778  -1.820     1.287  -3.002     1.839     154.318      TiO4C16H36+7C3H8->7C5H12+2OCH4+TiO2
87   6.973020e-02 -375.671   -32.773  40   15.33  5.120  115.955  -3.006  120.153  125.454  -0.704  -2.030     0.458  -3.025    -1.192     152.926  3TiO4C16H36+14C2H6->14C5H12+6OCH4+3TiO2
68   6.121774e-02 -374.678    24.131  30   19.00  5.105   59.028  13.150   47.070   51.775  -1.645  -2.002     2.220  -3.278    -1.192      22.939       2TiO4C16H36+9H2->15C2H6+2O2C+2TiO2
33   5.112512e-02 -375.653    -0.167  18   22.00  5.113  105.232  -3.819  110.243  115.573  -1.250  -2.319     1.519  -3.280    -1.192     110.410         TiO4C16H36+6C2H6->9C3H8+O2C+TiO2
31   4.348291e-02 -376.651   -23.500  18   20.00  5.125  125.223  -1.368  127.783  132.559  -0.815  -1.935     0.975  -3.001    -1.192     151.283      TiO4C16H36+7C2H6->7C4H10+2OCH4+TiO2
25   4.336282e-02 -376.516    30.690  12   18.00  5.110  152.540  -7.577  159.766  163.528  -0.394  -2.109     2.349  -3.608     0.351     129.076       TiO4C16H36+2C5H12->6C4H10+2OC+TiO2
28   4.294385e-02 -374.135    23.727  18   20.00  5.104   66.560  27.272   40.480   43.955  -1.496  -1.337     2.335  -2.977    -1.192      16.753         TiO4C16H36+7H2->7C2H6+2OCH4+TiO2
38   3.902499e-02 -375.119   -11.866  20   22.00  5.109  130.237   3.894  127.535  131.621  -1.024  -1.697     1.637  -3.002    -1.192     139.401         TiO4C16H36+8CH4->8C3H8+2OH2+TiO2
55   3.211478e-02 -376.131    35.488  20   17.00  5.103  159.979 -12.049  173.220  176.974   0.109  -2.130     2.051  -3.784    -1.192     137.732         2TiO4C16H36+O2C->9C3H8+6OC+2TiO2
127  2.387513e-02 -375.661    28.376  96   20.29  5.104  100.618  -8.880  110.690  116.754  -1.381  -2.962     1.864  -3.585    -1.192      82.314    7TiO4C16H36+18OH2->48C2H6+16O2C+7TiO2
34   2.220296e-02 -373.914    20.830  20   22.00  5.105   26.680  30.285   -2.413    1.236  -1.850  -1.255     2.496  -3.040    -1.192     -23.243          TiO4C16H36+8H2->8C2H6+2OH2+TiO2
35   1.741800e-02 -376.383   -23.606  20   22.00  5.117  110.389   0.205  109.318  113.874  -1.113  -1.821     1.435  -3.057     0.866     132.924       TiO4C16H36+8C2H6->8C4H10+2OH2+TiO2
37   1.488802e-02 -376.503   -25.186  20   22.00  5.138  111.429   0.369  108.788  113.392  -1.029  -1.806     1.299  -3.068     2.272     133.974       TiO4C16H36+8C3H8->8C5H12+2OH2+TiO2
91   9.903254e-03 -375.668   -43.742  44   16.67  5.125   83.130  -4.318   88.640   94.374  -0.944  -2.047     0.351  -3.094    -1.192     132.382   3TiO4C16H36+16C2H6->16C5H12+6OH2+3TiO2
36   6.093289e-03 -376.789   -33.144  20   22.00  5.132   93.723  -2.446   97.361  102.496  -1.072  -1.938     0.942  -3.067    -1.192     130.505       TiO4C16H36+8C2H6->8C4H10+2OH2+TiO2
29   5.985388e-03 -375.322    39.802  14   20.00  5.104  110.927   2.007  110.112  113.975  -0.607  -1.981     2.340  -3.615    -1.192      70.310           TiO4C16H36+3H2->7C2H6+2OC+TiO2
120  4.205128e-03 -375.656    24.858  84   24.40  5.107   45.470 -12.268   58.930   65.846  -1.911  -3.198     2.013  -3.820    -1.192      34.072   5TiO4C16H36+18OCH4->42C2H6+14O2C+5TiO2
26   4.079021e-03 -375.680   -42.124  18   20.00  5.146  104.715  -4.946  110.853  116.581  -0.615  -2.130     0.064  -3.047    -1.192     152.977      TiO4C16H36+7C3H8->7C5H12+2OCH4+TiO2
41   7.494768e-04 -375.576    31.479  20   26.00  5.109  157.792  -6.474  165.458  169.233  -0.251  -2.101     2.163  -3.586    -1.192     133.979         TiO4C16H36+6CH4->10C2H6+2OC+TiO2
115  4.799918e-04 -376.167    51.185  64   21.20  5.103  161.475 -14.960  177.627  181.619   0.138  -2.417     2.247  -3.960    -1.192     126.442      5TiO4C16H36+6OH2->32C2H6+16OC+5TiO2
88   1.707658e-04 -376.212    51.858  28   23.00  5.104  144.202 -16.942  162.336  166.489   0.060  -2.465     2.345  -4.093    -1.192     110.478      2TiO4C16H36+3OCH4->14C2H6+7OC+2TiO2
39   1.652213e-04 -375.679   -54.429  20   22.00  5.160   70.285  -6.536   78.013   84.235  -0.842  -2.161    -0.099  -3.120    -1.192     132.442       TiO4C16H36+8C3H8->8C5H12+2OH2+TiO2
43   2.915469e-07 -376.609    71.143  16   26.00  5.103  214.725 -20.280  236.197  238.375   1.468  -1.940     2.582  -4.288    -1.192     165.054          TiO4C16H36+2O2C->6C2H6+6OC+TiO2




---------------------------------------------------------------------
10 reactions with the worst weights:
---------------------------------------------------------------------
           weight      dfH  drE_corr  dn  n+|dn|      u      drH    ddrH      drE  drE_CBS  drE_CV  drE_IT  drE_TPNO  drE_SR  ddrHconf  drE_HF_CBS                                reaction
43   2.915469e-07 -376.609    71.143  16   26.00  5.103  214.725 -20.280  236.197  238.375   1.468  -1.940     2.582  -4.288    -1.192     165.054         TiO4C16H36+2O2C->6C2H6+6OC+TiO2
39   1.652213e-04 -375.679   -54.429  20   22.00  5.160   70.285  -6.536   78.013   84.235  -0.842  -2.161    -0.099  -3.120    -1.192     132.442      TiO4C16H36+8C3H8->8C5H12+2OH2+TiO2
88   1.707658e-04 -376.212    51.858  28   23.00  5.104  144.202 -16.942  162.336  166.489   0.060  -2.465     2.345  -4.093    -1.192     110.478     2TiO4C16H36+3OCH4->14C2H6+7OC+2TiO2
115  4.799918e-04 -376.167    51.185  64   21.20  5.103  161.475 -14.960  177.627  181.619   0.138  -2.417     2.247  -3.960    -1.192     126.442     5TiO4C16H36+6OH2->32C2H6+16OC+5TiO2
41   7.494768e-04 -375.576    31.479  20   26.00  5.109  157.792  -6.474  165.458  169.233  -0.251  -2.101     2.163  -3.586    -1.192     133.979        TiO4C16H36+6CH4->10C2H6+2OC+TiO2
26   4.079021e-03 -375.680   -42.124  18   20.00  5.146  104.715  -4.946  110.853  116.581  -0.615  -2.130     0.064  -3.047    -1.192     152.977     TiO4C16H36+7C3H8->7C5H12+2OCH4+TiO2
120  4.205128e-03 -375.656    24.858  84   24.40  5.107   45.470 -12.268   58.930   65.846  -1.911  -3.198     2.013  -3.820    -1.192      34.072  5TiO4C16H36+18OCH4->42C2H6+14O2C+5TiO2
29   5.985388e-03 -375.322    39.802  14   20.00  5.104  110.927   2.007  110.112  113.975  -0.607  -1.981     2.340  -3.615    -1.192      70.310          TiO4C16H36+3H2->7C2H6+2OC+TiO2
36   6.093289e-03 -376.789   -33.144  20   22.00  5.132   93.723  -2.446   97.361  102.496  -1.072  -1.938     0.942  -3.067    -1.192     130.505      TiO4C16H36+8C2H6->8C4H10+2OH2+TiO2
91   9.903254e-03 -375.668   -43.742  44   16.67  5.125   83.130  -4.318   88.640   94.374  -0.944  -2.047     0.351  -3.094    -1.192     132.382  3TiO4C16H36+16C2H6->16C5H12+6OH2+3TiO2




---------------------------------------------------------------------
10 reactions with the worst dHf:
---------------------------------------------------------------------
           weight      dfH  drE_corr  dn  n+|dn|      u      drH    ddrH      drE  drE_CBS  drE_CV  drE_IT  drE_TPNO  drE_SR  ddrHconf  drE_HF_CBS                             reaction
22   9.138053e-02 -376.821    23.536  12    18.0  5.118  140.041  -9.565  150.798  154.994  -0.363  -2.197     1.979  -3.615    -1.192     127.262   TiO4C16H36+2C5H12->6C4H10+2OC+TiO2
36   6.093289e-03 -376.789   -33.144  20    22.0  5.132   93.723  -2.446   97.361  102.496  -1.072  -1.938     0.942  -3.067    -1.192     130.505   TiO4C16H36+8C2H6->8C4H10+2OH2+TiO2
31   4.348291e-02 -376.651   -23.500  18    20.0  5.125  125.223  -1.368  127.783  132.559  -0.815  -1.935     0.975  -3.001    -1.192     151.283  TiO4C16H36+7C2H6->7C4H10+2OCH4+TiO2
23   1.601877e-01 -376.615    16.225  12    18.0  5.117  129.755 -11.291  143.104  147.703  -0.316  -2.285     1.630  -3.628    -2.058     126.879   TiO4C16H36+2C5H12->6C4H10+2OC+TiO2
43   2.915469e-07 -376.609    71.143  16    26.0  5.103  214.725 -20.280  236.197  238.375   1.468  -1.940     2.582  -4.288    -1.192     165.054      TiO4C16H36+2O2C->6C2H6+6OC+TiO2
49   4.345397e-01 -376.580    16.188  16    14.0  5.105  140.259 -12.313  153.764  158.277  -0.267  -2.280     1.661  -3.627    -1.192     137.576     2TiO4C16H36->H2+7C4H10+4OC+2TiO2
109  4.360951e-01 -376.532    16.137  40    14.0  5.104  154.964 -13.743  168.687  173.079  -0.197  -2.273     1.703  -3.625     0.020     152.550  5TiO4C16H36->6H2+14C5H12+10OC+5TiO2
25   4.336282e-02 -376.516    30.690  12    18.0  5.110  152.540  -7.577  159.766  163.528  -0.394  -2.109     2.349  -3.608     0.351     129.076   TiO4C16H36+2C5H12->6C4H10+2OC+TiO2
19   4.163046e-01 -376.510    -8.250  12    16.0  5.116   93.909  -5.742  100.843  106.453  -1.192  -2.408     1.288  -3.298    -1.192     109.093    TiO4C16H36+3C3H8->6C4H10+O2C+TiO2
37   1.488802e-02 -376.503   -25.186  20    22.0  5.138  111.429   0.369  108.788  113.392  -1.029  -1.806     1.299  -3.068     2.272     133.974   TiO4C16H36+8C3H8->8C5H12+2OH2+TiO2
