---------------------------------------------------------------------
Results for m1_00_TiOtPn4-PBE0-D3-TZ_TiCl4.all 

Average dfH = -416.56 

Uncertainty = 1.83
Computational contribution = 1.65
Experimental contribution = 0.78
---------------------------------------------------------------------
Number of reactions with all coeficients ≤  10 : 172  of  291
Parameters:
h1 = 8.62 
h2 = 65.11 

Summ of all weights = 57.17
---------------------------------------------------------------------
Average values and MSE of reaction characteristics:

                      Mean       St dev
          dfH      -416.56         0.83
     drE_corr        42.43        18.83
    n+dn_priv        18.93         2.58
          drH       -27.31        44.33
         ddrH         6.33        11.13
          drE       -33.65        46.34
      drE_CBS       -36.21        45.65
       drE_IT        -0.96         0.56
       drE_CV         0.78         0.73
       drE_SR        -0.49         0.31
   drE_HF_CBS       -76.08        42.65
     ddrHconf         0.02         0.87
          u/2         0.39         0.02


---------------------------------------------------------------------
172 reactions with the best weights:
---------------------------------------------------------------------
       weight      dfH  drE_corr   dn  n+|dn|      u      drH    ddrH      drE  drE_CBS  drE_CV  drE_IT  drE_TPNO  drE_SR  ddrHconf  drE_HF_CBS                                           reaction
25   1.000000 -416.858    16.371   18   18.00  0.753  -87.566  14.355 -102.950 -103.353  -0.905  -1.641     2.948   0.001     1.029    -119.321             TiO4C20H44+4OC+4ClH->4C5H12+4O2C+TiCl4
23   0.967124 -416.446     1.749   18   18.00  0.790 -108.138  10.902 -118.337 -117.931  -0.812  -1.818     2.249  -0.025    -0.703    -120.086             TiO4C20H44+4OC+4ClH->4C5H12+4O2C+TiCl4
201  0.890441 -417.078    33.641   50   15.00  0.779  -31.246   3.089  -33.632  -35.801   1.067  -1.180     2.799  -0.517    -0.703     -67.273        4TiO4C20H44+16ClH->15C5H12+5O2C+6OH2+4TiCl4
183  0.858235 -415.330     6.303   50   18.00  0.835 -117.581   2.159 -119.037 -118.453  -0.733  -1.697     2.218  -0.372    -0.703    -125.340      3TiO4C20H44+8OC+12ClCH3->14C5H12+10O2C+3TiCl4
184  0.855228 -415.810    23.361   50   18.00  0.788  -93.581   6.187 -101.086 -101.445  -0.842  -1.490     3.033  -0.342     1.318    -124.447      3TiO4C20H44+8OC+12ClCH3->14C5H12+10O2C+3TiCl4
105  0.841261 -415.751    27.564   26   16.00  0.827  -66.320  -3.050  -62.567  -63.699   0.519  -1.271     2.584  -0.700    -0.703     -90.131        2TiO4C20H44+8ClCH3->9C5H12+3O2C+2OH2+2TiCl4
242  0.834102 -417.127    36.054   82   18.00  0.730  -58.731   9.892  -69.155  -70.443  -0.219  -1.547     3.318  -0.264     0.532    -105.209       5TiO4C20H44+12OC+20ClH->24C4H10+16O2C+5TiCl4
252  0.827564 -417.080    39.663   86   14.57  0.768   -3.931   4.427   -7.655  -10.211   1.293  -1.122     2.819  -0.434    -0.703     -47.318      7TiO4C20H44+28ClH->24C5H12+8O2C+12OCH4+7TiCl4
244  0.826431 -417.371    30.330   82   18.00  0.767  -68.730   8.301  -76.328  -77.269  -0.194  -1.617     3.022  -0.270    -0.703    -106.658       5TiO4C20H44+12OC+20ClH->24C4H10+16O2C+5TiCl4
7    0.822261 -416.204    26.488   18   18.00  0.789  -69.036  22.885  -91.218  -94.611   0.853  -0.283     3.044  -0.221    -0.703    -117.706             TiO4C20H44+4H2+4ClH->4C5H12+4OH2+TiCl4
256  0.819110 -415.752    31.578   90   15.71  0.819  -48.110  -2.158  -45.249  -46.639   0.670  -1.233     2.598  -0.645    -0.703     -76.827    7TiO4C20H44+28ClCH3->30C5H12+10O2C+8OCH4+7TiCl4
9    0.795348 -416.817    26.734   18   18.00  0.801   41.969  11.205   31.467   27.670   1.797  -0.527     2.603  -0.076    -0.703       4.733           TiO4C20H44+4CH4+4ClH->4C5H12+4OCH4+TiCl4
238  0.752896 -416.384    41.968   82   16.40  0.770    2.258  22.049  -19.088  -23.139   1.424  -0.328     3.043  -0.088    -0.703     -61.056      5TiO4C20H44+16H2+20ClH->16C5H12+20OCH4+5TiCl4
202  0.747226 -417.464    47.349   50   15.00  0.746  -11.960   6.325  -19.206  -22.133   0.979  -1.014     3.454  -0.492     0.921     -66.555        4TiO4C20H44+16ClH->15C5H12+5O2C+6OH2+4TiCl4
249  0.719883 -417.602    37.933   70   18.00  0.773   -8.573  -8.789    0.919   -0.516   1.195  -1.718     2.652  -0.694    -0.703     -37.014       5TiO4C20H44+20ClH->12H2+18C5H12+10O2C+5TiCl4
248  0.716814 -416.100    30.425   70   18.00  0.823  -51.205 -10.969  -39.533  -40.176   0.605  -1.630     2.486  -0.818    -0.703     -69.958      5TiO4C20H44+20ClCH3->8H2+22C5H12+10O2C+5TiCl4
3    0.715007 -416.616    41.109   18   18.00  0.753  -48.464  26.337  -75.830  -80.030   0.759  -0.106     3.742  -0.195     1.029    -116.939             TiO4C20H44+4H2+4ClH->4C5H12+4OH2+TiCl4
104  0.710865 -416.214    44.013   26   16.00  0.783  -43.177   0.834  -45.257  -47.298   0.414  -1.072     3.370  -0.671     1.246     -89.270        2TiO4C20H44+8ClCH3->9C5H12+3O2C+2OH2+2TiCl4
15   0.689430 -417.229    41.356   18   18.00  0.765   62.541  14.657   46.855   42.250   1.703  -0.350     3.302  -0.050     1.029       5.499           TiO4C20H44+4CH4+4ClH->4C5H12+4OCH4+TiCl4
8    0.683813 -414.882    34.460   18   18.00  0.817  -40.374  19.869  -59.540  -62.797   0.833  -0.241     2.877  -0.212    -0.703     -94.000          TiO4C20H44+4H2+4ClCH3->4C5H12+4OCH4+TiCl4
257  0.678317 -416.193    47.244   90   15.71  0.778  -26.069   1.541  -28.763  -31.019   0.570  -1.043     3.346  -0.617     1.153     -76.007    7TiO4C20H44+28ClCH3->30C5H12+10O2C+8OCH4+7TiCl4
253  0.677533 -417.433    52.196   86   14.57  0.741   13.702   7.386    5.534    2.285   1.213  -0.970     3.418  -0.412     0.782     -46.662      7TiO4C20H44+28ClH->24C5H12+8O2C+12OCH4+7TiCl4
34   0.670591 -416.745     7.445   20   20.00  0.837  -19.397   9.330  -28.024  -31.098   1.319  -0.532     2.494  -0.207    -0.703     -35.469            TiO4C20H44+5CH4+4ClH->5C5H12+4OH2+TiCl4
32   0.665864 -417.260    25.722   20   20.00  0.782    6.318  13.645   -8.789  -12.873   1.202  -0.310     3.367  -0.175     1.462     -34.511            TiO4C20H44+5CH4+4ClH->5C5H12+4OH2+TiCl4
11   0.660849 -415.884    38.042   14   18.00  0.806  -71.060  -5.547  -64.810  -65.579   0.418  -1.531     2.706  -0.824    -0.703    -102.852          TiO4C20H44+4ClCH3->2CH4+4C5H12+2O2C+TiCl4
250  0.653913 -414.703    18.979   98   19.60  0.841 -111.667  20.705 -131.669 -134.268   0.262  -0.196     2.878  -0.345    -0.703    -150.648     5TiO4C20H44+24H2+20ClCH3->24C5H12+20OH2+5TiCl4
246  0.641692 -416.408    39.647   74   18.00  0.806  -71.606  -0.876  -70.027  -71.014  -0.012  -1.463     3.120  -0.658    -0.703    -109.674      5TiO4C20H44+4OC+20ClCH3->28C4H10+12O2C+5TiCl4
243  0.633643 -416.123    46.324   74   18.00  0.758  -59.940   0.980  -61.658  -63.049  -0.042  -1.381     3.465  -0.651     0.738    -107.982      5TiO4C20H44+4OC+20ClCH3->28C4H10+12O2C+5TiCl4
181  0.630906 -415.749    43.340   42   18.00  0.784  -62.495  -4.048  -57.744  -58.804   0.424  -1.472     2.915  -0.807    -0.703    -101.084     3TiO4C20H44+12ClCH3->8C2H6+10C5H12+6O2C+3TiCl4
239  0.616050 -416.714    53.666   82   16.40  0.746   18.715  24.811   -6.779  -11.476   1.349  -0.187     3.602  -0.067     0.683     -60.445      5TiO4C20H44+16H2+20ClH->16C5H12+20OCH4+5TiCl4
36   0.605648 -415.423    15.417   20   20.00  0.862    9.265   6.314    3.654    0.714   1.300  -0.489     2.327  -0.198    -0.703     -11.763         TiO4C20H44+5CH4+4ClCH3->5C5H12+4OCH4+TiCl4
14   0.604194 -415.744    48.683   14   18.00  0.756  -56.072  -2.939  -52.430  -53.733   0.373  -1.415     3.140  -0.795    -0.703    -101.113         TiO4C20H44+4ClCH3->4C3H8+2C5H12+2O2C+TiCl4
12   0.601165 -417.278    49.359   14   18.00  0.752  -38.356  -0.656  -36.997  -38.622   0.915  -1.569     2.982  -0.703    -0.703     -86.356            TiO4C20H44+4ClH->3CH4+3C5H12+2O2C+TiCl4
247  0.595983 -416.553    46.509   70   18.00  0.780  -28.576  -7.171  -22.607  -24.139   0.502  -1.435     3.255  -0.790     1.202     -69.116      5TiO4C20H44+20ClCH3->8H2+22C5H12+10O2C+5TiCl4
241  0.591024 -417.973    51.093   70   18.00  0.743    9.942  -5.682   14.768   12.605   1.111  -1.558     3.281  -0.671     0.856     -36.325       5TiO4C20H44+20ClH->12H2+18C5H12+10O2C+5TiCl4
251  0.585967 -415.197    36.526   98   19.60  0.792  -86.981  24.848 -113.205 -116.774   0.150   0.017     3.716  -0.314     1.376    -149.731     5TiO4C20H44+24H2+20ClCH3->24C5H12+20OH2+5TiCl4
237  0.573148 -417.334    54.828   66   16.40  0.762   37.751   1.837   36.617   32.877   2.135  -0.844     3.047  -0.598    -0.703     -18.211       5TiO4C20H44+20ClH->16C5H12+12OCH4+8OC+5TiCl4
123  0.565468 -418.035    51.159   28   18.00  0.759   -8.965  -3.843   -4.419   -6.427   1.022  -1.567     3.226  -0.673    -0.703     -55.578           2TiO4C20H44+8ClH->3H2+9C4H10+4O2C+2TiCl4
124  0.561332 -416.630    46.590   28   18.00  0.803  -51.684  -4.924  -46.057  -47.399   0.393  -1.446     3.187  -0.792    -0.703     -92.647         2TiO4C20H44+8ClCH3->H2+11C4H10+4O2C+2TiCl4
0    0.560946 -415.294    49.082   18   18.00  0.781  -19.802  23.322  -44.153  -48.218   0.740  -0.064     3.575  -0.186     1.029     -93.235          TiO4C20H44+4H2+4ClCH3->4C5H12+4OCH4+TiCl4
33   0.555006 -415.938    33.694   20   20.00  0.810   34.980  10.630   22.888   18.938   1.183  -0.268     3.200  -0.165     1.462     -10.806         TiO4C20H44+5CH4+4ClCH3->5C5H12+4OCH4+TiCl4
5    0.550280 -416.307    51.310   14   18.00  0.768  -53.987  -2.558  -50.726  -52.207   0.335  -1.389     3.323  -0.788    -0.703    -102.036         TiO4C20H44+4ClCH3->2C3H8+4C4H10+2O2C+TiCl4
185  0.542816 -416.541    48.639   42   18.00  0.798  -58.288  -3.300  -54.285  -55.647   0.337  -1.419     3.239  -0.795    -0.703    -102.924      3TiO4C20H44+12ClCH3->2CH4+16C4H10+6O2C+3TiCl4
125  0.541306 -416.350    53.148   28   18.00  0.757  -40.226  -3.102  -37.836  -39.575   0.364  -1.366     3.526  -0.785     0.712     -90.984         2TiO4C20H44+8ClCH3->H2+11C4H10+4O2C+2TiCl4
122  0.539294 -417.807    56.524   28   18.00  0.726    0.409  -2.352    2.306   -0.027   0.998  -1.501     3.503  -0.667     0.455     -54.218           2TiO4C20H44+8ClH->3H2+9C4H10+4O2C+2TiCl4
13   0.537067 -416.450    49.963   14   18.00  0.790  -55.874  -2.878  -52.293  -53.726   0.344  -1.404     3.284  -0.791    -0.703    -102.256          TiO4C20H44+4ClCH3->C2H6+5C4H10+2O2C+TiCl4
38   0.535278 -416.686    41.183   20   20.00  0.772  -69.471  28.380  -97.148 -101.175   0.660  -0.116     3.681  -0.198    -0.703    -138.331             TiO4C20H44+5H2+4ClH->5C4H10+4OH2+TiCl4
2    0.532081 -416.769    53.725   18   18.00  0.758    1.909  26.445  -23.833  -28.391   1.269  -0.195     3.553  -0.069    -0.703     -77.558            TiO4C20H44+4H2+4ClH->4C4H10+4OCH4+TiCl4
16   0.529542 -416.296    52.664   14   18.00  0.770  -50.488  -2.094  -49.423  -51.002   0.325  -1.353     3.405  -0.798     1.029    -102.087          TiO4C20H44+4ClCH3->2CH4+4C5H12+2O2C+TiCl4
210  0.526039 -417.086    16.140   62   20.67  0.876   24.838   8.208   17.333   14.116   1.786  -0.645     2.185  -0.109    -0.703       1.193    3TiO4C20H44+16C2H6+12ClH->16C5H12+12OCH4+3TiCl4
31   0.524397 -416.432    47.144   20   20.00  0.733  -59.055  30.037  -89.676  -94.065   0.634  -0.043     3.989  -0.191     0.584    -136.820             TiO4C20H44+5H2+4ClH->5C4H10+4OH2+TiCl4
4    0.521007 -416.104    56.080   14   18.00  0.743  -45.654  -1.232  -44.748  -46.519   0.314  -1.330     3.570  -0.783     0.326    -100.828         TiO4C20H44+4ClCH3->2C3H8+4C4H10+2O2C+TiCl4
182  0.519089 -416.270    54.998   42   18.00  0.755  -47.178  -1.533  -46.314  -48.063   0.309  -1.340     3.568  -0.788     0.669    -101.312      3TiO4C20H44+12ClCH3->2CH4+16C4H10+6O2C+3TiCl4
1    0.518063 -417.076    57.305   14   18.00  0.733  -25.508   1.592  -26.397  -28.458   0.924  -1.480     3.295  -0.678    -0.703     -83.702           TiO4C20H44+4ClH->4C2H6+2C5H12+2O2C+TiCl4
19   0.518002 -415.950    55.994   14   18.00  0.746  -45.786  -1.213  -44.736  -46.443   0.326  -1.326     3.489  -0.782     0.163    -100.730         TiO4C20H44+4ClCH3->4C3H8+2C5H12+2O2C+TiCl4
29   0.512060 -416.196    55.925   14   18.00  0.751  -45.458  -1.222  -44.820  -46.617   0.318  -1.330     3.593  -0.784     0.584    -100.745          TiO4C20H44+4ClCH3->C2H6+5C4H10+2O2C+TiCl4
186  0.506636 -416.092    55.524   42   18.00  0.759  -45.352  -1.171  -44.921  -46.654   0.346  -1.324     3.497  -0.786     0.740    -100.445     3TiO4C20H44+12ClCH3->8C2H6+10C5H12+6O2C+3TiCl4
27   0.505238 -416.069    50.535   14   18.00  0.809    3.993  -5.395   10.091    7.220   1.723  -0.885     2.883  -0.850    -0.703     -40.444          TiO4C20H44+4ClCH3->4C5H12+2OCH4+2OC+TiCl4
20   0.501505 -416.566    58.494   18   18.00  0.733   10.242  27.771  -17.855  -22.703   1.249  -0.136     3.799  -0.064     0.326     -76.349            TiO4C20H44+4H2+4ClH->4C4H10+4OCH4+TiCl4
22   0.498799 -417.771    57.307   14   18.00  0.747  -28.777   1.029  -29.103  -31.173   0.854  -1.485     3.382  -0.681    -0.703     -86.410            TiO4C20H44+4ClH->2CH4+4C4H10+2O2C+TiCl4
213  0.490105 -417.474    37.331   62   20.67  0.794   54.741  13.452   41.992   37.602   1.716  -0.415     3.136  -0.047    -0.703       4.661     3TiO4C20H44+16CH4+12ClH->16C4H10+12OCH4+3TiCl4
211  0.486430 -417.203    43.690   62   20.67  0.750   65.851  15.219   49.963   45.188   1.688  -0.337     3.465  -0.041     0.669       6.273     3TiO4C20H44+16CH4+12ClH->16C4H10+12OCH4+3TiCl4
18   0.479025 -417.587    60.325   14   18.00  0.731  -22.927   1.933  -25.456  -27.688   0.845  -1.436     3.506  -0.683     0.596     -85.781            TiO4C20H44+4ClH->3CH4+3C5H12+2O2C+TiCl4
203  0.476613 -417.635    35.635   62   20.67  0.817   52.267  12.811   37.850   33.557   1.661  -0.409     3.116  -0.075     1.606       2.215    3TiO4C20H44+16C2H6+12ClH->16C5H12+12OCH4+3TiCl4
17   0.468126 -417.568    62.076   14   18.00  0.721  -20.444   2.354  -23.124  -25.484   0.834  -1.426     3.628  -0.676     0.326     -85.200            TiO4C20H44+4ClH->2CH4+4C4H10+2O2C+TiCl4
30   0.464820 -417.496    61.279   14   18.00  0.732  -21.536   2.294  -23.127  -25.413   0.876  -1.439     3.517  -0.668    -0.703     -84.406           TiO4C20H44+4ClH->3C2H6+3C4H10+2O2C+TiCl4
47   0.450542 -415.969    18.060   22   22.00  0.832  -21.243   9.618  -32.756  -36.186   0.682  -0.228     3.266  -0.290     1.895     -50.816          TiO4C20H44+6CH4+4ClCH3->6C5H12+4OH2+TiCl4
236  0.437147 -417.663    66.525   66   16.40  0.738   54.209   4.599   48.927   44.540   2.060  -0.702     3.606  -0.577     0.683     -17.598       5TiO4C20H44+20ClH->16C5H12+12OCH4+8OC+5TiCl4
24   0.435553 -417.344    64.856   14   18.00  0.717  -15.286   3.288  -18.643  -21.146   0.860  -1.395     3.702  -0.664     0.069     -83.499           TiO4C20H44+4ClH->3C2H6+3C4H10+2O2C+TiCl4
21   0.431505 -417.282    64.616   14   18.00  0.723  -15.222   3.318  -18.703  -21.169   0.877  -1.391     3.645  -0.665     0.163     -83.319           TiO4C20H44+4ClH->4C2H6+2C5H12+2O2C+TiCl4
37   0.420578 -415.363    49.155   20   20.00  0.800  -40.810  25.365  -65.472  -69.365   0.641  -0.074     3.514  -0.188    -0.703    -114.627          TiO4C20H44+5H2+4ClCH3->5C4H10+4OCH4+TiCl4
10   0.410849 -417.068    65.320   14   18.00  0.733  -15.874   3.255  -18.426  -20.853   0.847  -1.394     3.633  -0.659    -0.703     -83.746                  TiO4C20H44+4ClH->6C3H8+2O2C+TiCl4
41   0.409795 -415.351    -3.872   22   22.00  0.905  -52.101   4.439  -55.837  -58.055   0.822  -0.494     2.218  -0.328    -0.703     -51.965          TiO4C20H44+6CH4+4ClCH3->6C5H12+4OH2+TiCl4
35   0.400332 -415.109    55.117   20   20.00  0.762  -30.394  27.021  -57.999  -62.254   0.615  -0.000     3.822  -0.182     0.584    -113.116          TiO4C20H44+5H2+4ClCH3->5C4H10+4OCH4+TiCl4
26   0.371299 -416.481    65.156   14   18.00  0.773   24.565  -1.943   25.479   21.801   1.629  -0.708     3.581  -0.824     1.029     -39.677          TiO4C20H44+4ClCH3->4C5H12+2OCH4+2OC+TiCl4
46   0.367232 -414.975    43.768   22   22.00  0.764  -99.691  29.288 -129.820 -133.616  -0.000   0.093     4.013  -0.310     0.841    -173.588           TiO4C20H44+6H2+4ClCH3->6C4H10+4OH2+TiCl4
42   0.366893 -415.280    36.614   22   22.00  0.818 -112.190  27.300 -138.787 -142.149   0.031   0.005     3.643  -0.317    -0.703    -175.401           TiO4C20H44+6H2+4ClCH3->6C4H10+4OH2+TiCl4
226  0.359463 -417.228    28.639   70   23.33  0.760   10.456  14.347   -4.903   -9.202   1.183  -0.294     3.572  -0.162     1.012     -33.542      3TiO4C20H44+20CH4+12ClH->20C4H10+12OH2+3TiCl4
274  0.343705 -418.051    66.011  130   18.89  0.757   19.481  -0.767   20.951   17.060   1.986  -0.876     3.616  -0.835    -0.703     -45.060       9TiO4C20H44+36ClH->40C4H10+16OH2+20OC+9TiCl4
28   0.340220 -417.956    69.799   14   18.00  0.750   46.276   1.180   45.799   41.627   2.159  -0.839     3.559  -0.707    -0.703     -24.000            TiO4C20H44+4ClH->4C4H10+2OCH4+2OC+TiCl4
224  0.333805 -417.567    20.691   70   23.33  0.826   -3.432  12.138  -14.867  -18.682   1.217  -0.392     3.161  -0.171    -0.703     -35.558      3TiO4C20H44+20CH4+12ClH->20C4H10+12OH2+3TiCl4
272  0.314738 -417.825    71.310  130   18.89  0.726   28.740   0.706   27.593   23.380   1.963  -0.811     3.890  -0.829     0.441     -43.717       9TiO4C20H44+36ClH->40C4H10+16OH2+20OC+9TiCl4
227  0.314039 -417.768    18.571   70   23.33  0.860   -6.524  11.337  -20.045  -23.742   1.150  -0.384     3.136  -0.205     2.184     -38.616     3TiO4C20H44+20C2H6+12ClH->20C5H12+12OH2+3TiCl4
6    0.310359 -417.753    74.568   14   18.00  0.724   54.609   2.506   51.777   47.316   2.138  -0.781     3.805  -0.701     0.326     -22.791            TiO4C20H44+4ClH->4C4H10+2OCH4+2OC+TiCl4
45   0.301851 -415.927    44.305   18   22.00  0.838  -73.043  -5.464  -66.876  -67.884   0.078  -1.386     3.168  -0.852    -0.703    -111.181          TiO4C20H44+6ClCH3->6C4H10+2O2C+TiCl4+2ClH
225  0.295750 -415.906    36.612   70   23.33  0.788   39.118  11.332   26.774   22.609   1.164  -0.251     3.405  -0.153     1.012      -9.838   3TiO4C20H44+20CH4+12ClCH3->20C4H10+12OCH4+3TiCl4
49   0.291906 -415.622    51.459   18   22.00  0.786  -60.544  -3.476  -57.909  -59.351   0.047  -1.298     3.538  -0.845     0.841    -109.368          TiO4C20H44+6ClCH3->6C4H10+2O2C+TiCl4+2ClH
223  0.285931 -416.245    28.663   70   23.33  0.852   25.230   9.123   16.810   13.128   1.198  -0.349     2.994  -0.161    -0.703     -11.853   3TiO4C20H44+20CH4+12ClCH3->20C4H10+12OCH4+3TiCl4
219  0.279313 -417.082    -5.798   70   23.33  0.946  -40.810   5.584  -45.691  -48.040   1.305  -0.679     1.971  -0.248    -0.703     -39.893     3TiO4C20H44+20C2H6+12ClH->20C5H12+12OH2+3TiCl4
206  0.279297 -415.909    66.312   62   20.67  0.738   -4.232  32.755  -36.284  -41.216   1.114  -0.041     3.915  -0.056    -0.703    -102.596       3TiO4C20H44+16H2+12ClH->16C3H8+12OCH4+3TiCl4
209  0.279207 -415.447    63.898   50   20.67  0.766  -60.128   3.752  -63.177  -65.031   0.179  -1.235     3.685  -0.775    -0.703    -127.075        3TiO4C20H44+4H2+12ClCH3->22C3H8+6O2C+3TiCl4
220  0.272421 -416.446    26.544   70   23.33  0.885   22.138   8.322   11.632    8.070   1.130  -0.341     2.969  -0.196     2.184     -14.912  3TiO4C20H44+20C2H6+12ClCH3->20C5H12+12OCH4+3TiCl4
217  0.268031 -415.760     2.174   70   23.33  0.969  -12.148   2.568  -14.013  -16.227   1.286  -0.637     1.804  -0.239    -0.703     -16.187  3TiO4C20H44+20C2H6+12ClCH3->20C5H12+12OCH4+3TiCl4
43   0.250089 -416.664    46.627   18   22.00  0.898  -62.188  -3.903  -56.716  -57.971   0.343  -1.451     3.157  -0.794    -1.569    -103.343        TiO4C20H44+2C5H12+4ClCH3->8C4H10+2O2C+TiCl4
127  0.245424 -416.847    69.248   30   20.00  0.791   14.649  -6.216   21.568   18.159   1.752  -0.879     3.522  -0.986    -0.703     -47.680       2TiO4C20H44+8ClCH3->10C4H10+3OCH4+5OC+2TiCl4
40   0.244510 -416.258    56.165   18   22.00  0.809  -45.522  -1.252  -44.759  -46.593   0.301  -1.334     3.650  -0.783     0.489    -100.924        TiO4C20H44+2C5H12+4ClCH3->8C4H10+2O2C+TiCl4
50   0.244462 -415.604    59.324   18   22.00  0.775  -41.084  -0.332  -40.049  -41.887   0.327  -1.298     3.574  -0.765    -0.703     -99.373           TiO4C20H44+2CH4+4ClCH3->8C3H8+2O2C+TiCl4
255  0.243367 -415.738    65.579   82   21.20  0.764  -47.874  -2.850  -44.321  -45.763   0.256  -1.529     3.585  -0.870    -0.703    -109.900      5TiO4C20H44+4OH2+20ClCH3->36C3H8+12O2C+5TiCl4
207  0.238167 -416.918    66.407   46   20.67  0.798   -5.447  -7.677    2.933   -0.266   1.623  -0.907     3.565  -1.082    -0.703     -63.474       3TiO4C20H44+12ClCH3->16C4H10+4OH2+8OC+3TiCl4
128  0.221611 -416.593    75.210   30   20.00  0.752   25.065  -4.560   29.041   25.270   1.726  -0.806     3.830  -0.979     0.584     -46.169       2TiO4C20H44+8ClCH3->10C4H10+3OCH4+5OC+2TiCl4
147  0.219006 -415.737    63.650   34   22.00  0.769  -63.039  -3.623  -58.713  -59.941   0.113  -1.573     3.614  -0.926    -0.703    -122.363       2TiO4C20H44+2OCH4+8ClCH3->15C3H8+5O2C+2TiCl4
208  0.215932 -416.647    72.766   46   20.67  0.755    5.663  -5.910   10.904    7.319   1.595  -0.829     3.894  -1.075     0.669     -61.862       3TiO4C20H44+12ClCH3->16C4H10+4OH2+8OC+3TiCl4
222  0.214251 -415.610    56.918   70   23.33  0.740  -77.148  36.268 -112.713 -117.207   0.466   0.076     4.134  -0.182    -0.703    -169.631        3TiO4C20H44+20H2+12ClH->20C3H8+12OH2+3TiCl4
39   0.206572 -416.870    53.937   18   22.00  0.906  -51.902  -2.176  -49.023  -50.681   0.296  -1.363     3.506  -0.781    -0.703    -102.960        TiO4C20H44+2C5H12+4ClCH3->8C4H10+2O2C+TiCl4
44   0.194566 -416.464    63.476   18   22.00  0.818  -35.236   0.474  -37.065  -39.303   0.255  -1.245     3.999  -0.771     1.355    -100.541        TiO4C20H44+2C5H12+4ClCH3->8C4H10+2O2C+TiCl4
58   0.170591 -415.931    21.561   26   26.00  0.801  -16.277  10.460  -28.092  -31.778   0.658  -0.208     3.511  -0.275     1.355     -49.653          TiO4C20H44+8CH4+4ClCH3->8C4H10+4OH2+TiCl4
218  0.157776 -414.288    64.890   70   23.33  0.769  -48.486  33.252  -81.035  -85.394   0.446   0.118     3.967  -0.172    -0.703    -145.925     3TiO4C20H44+20H2+12ClCH3->20C3H8+12OCH4+3TiCl4
60   0.148691 -416.338    12.023   26   26.00  0.891  -32.942   7.810  -40.049  -43.156   0.700  -0.326     3.018  -0.285    -0.703     -52.072          TiO4C20H44+8CH4+4ClCH3->8C4H10+4OH2+TiCl4
74   0.136487 -416.579     9.480   26   26.00  0.936  -36.653   6.848  -46.262  -49.227   0.619  -0.316     2.988  -0.326     2.761     -55.742         TiO4C20H44+8C2H6+4ClCH3->8C5H12+4OH2+TiCl4
204  0.132069 -417.492    87.745   46   20.67  0.727   54.924  -0.931   56.558   52.142   2.300  -0.900     3.922  -0.906    -0.703     -31.187         3TiO4C20H44+12ClH->16C3H8+4OCH4+8OC+3TiCl4
53   0.131876 -417.800    36.276   26   26.00  0.824   52.096  12.730   38.011   33.616   1.617  -0.419     3.269  -0.072     1.355       1.735          TiO4C20H44+8C2H6+4ClH->8C4H10+4OCH4+TiCl4
48   0.125906 -416.054    80.469   16   22.00  0.762   -9.941  -6.763   -2.475   -5.195   1.202  -1.203     3.832  -1.111    -0.703     -82.944             TiO4C20H44+4ClCH3->7C3H8+O2C+2OC+TiCl4
81   0.124054 -418.207    26.738   26   26.00  0.912   35.431  10.080   26.054   22.238   1.659  -0.536     2.776  -0.083    -0.703      -0.684          TiO4C20H44+8C2H6+4ClH->8C4H10+4OCH4+TiCl4
267  0.120277 -417.519    86.592  110   21.43  0.730   38.316  -2.334   41.353   37.099   2.199  -0.928     3.986  -1.003    -0.703     -45.239         7TiO4C20H44+28ClH->40C3H8+8OH2+20OC+7TiCl4
62   0.118651 -416.537    48.016   26   26.00  0.773   71.945  16.420   56.228   51.363   1.706  -0.295     3.471  -0.017    -0.703       8.212            TiO4C20H44+8CH4+4ClH->8C3H8+4OCH4+TiCl4
59   0.108351 -417.097     5.452   26   26.00  1.058   11.993   5.990    6.706    3.977   1.888  -0.759     1.735  -0.135    -0.703       1.254          TiO4C20H44+8C3H8+4ClH->8C5H12+4OCH4+TiCl4
61   0.102737 -417.921    34.696   26   26.00  0.946   53.137  12.894   37.482   33.137   1.701  -0.405     3.132  -0.083     2.761       2.786          TiO4C20H44+8C3H8+4ClH->8C5H12+4OCH4+TiCl4
68   0.101223 -415.755   -19.764   26   26.00  1.049  -77.797  -0.056  -77.038  -78.386   0.806  -0.671     1.591  -0.378    -0.703     -57.274         TiO4C20H44+8C2H6+4ClCH3->8C5H12+4OH2+TiCl4
71   0.098335 -413.990    55.495   26   26.00  0.775 -121.402  36.764 -157.463 -161.384  -0.202   0.235     4.186  -0.298    -0.703    -212.958            TiO4C20H44+8H2+4ClCH3->8C3H8+4OH2+TiCl4
80   0.086768 -415.736    56.699   22   26.00  0.812  -46.438  -1.276  -44.459  -46.128   0.296  -1.329     3.477  -0.775    -0.703    -101.158         TiO4C20H44+4C2H6+4ClCH3->10C3H8+2O2C+TiCl4
51   0.079979 -416.418    81.519   20   24.00  0.747  -46.677  14.568  -60.542  -63.386   0.584  -1.183     4.100  -0.657    -0.703    -142.061              TiO4C20H44+3H2+4ClH->9C2H6+2O2C+TiCl4
79   0.066008 -417.256    66.609   18   26.00  0.806   48.360 -30.660   79.723   77.239   2.612  -1.530     2.889  -1.487    -0.703      13.114            TiO4C20H44+4ClCH3->4H2+4C5H12+4OC+TiCl4
221  0.060205 -416.266    91.681   50   23.33  0.759   25.458  -8.856   35.017   31.303   1.929  -0.956     3.976  -1.235    -0.703     -56.664      3TiO4C20H44+12ClCH3->20C3H8+2OCH4+10OC+3TiCl4
262  0.058014 -418.758    74.117   90   26.00  0.759   90.992 -28.481  120.176  116.900   3.202  -1.617     3.054  -1.363    -0.703      46.059        5TiO4C20H44+20ClH->24H2+16C5H12+20OC+5TiCl4
275  0.057657 -417.073    84.349  134   24.86  0.743  -18.950  -0.119  -18.128  -20.066   0.760  -1.823     3.863  -0.862    -0.703    -102.477       7TiO4C20H44+12OH2+28ClH->60C2H6+20O2C+7TiCl4
270  0.056163 -416.280    91.104  118   23.71  0.760   17.155  -9.557   27.415   23.783   1.878  -0.970     4.008  -1.284    -0.703     -63.689       7TiO4C20H44+28ClCH3->48C3H8+4OH2+24OC+7TiCl4
78   0.046820 -415.331    80.712   26   26.00  0.749  -31.613  42.811  -73.721  -79.023   0.880   0.147     4.330  -0.055    -0.703    -154.433             TiO4C20H44+8H2+4ClH->8C2H6+4OCH4+TiCl4
75   0.043431 -417.668    81.231   18   26.00  0.770   68.932 -27.208   95.111   91.820   2.518  -1.353     3.587  -1.461     1.029      13.880            TiO4C20H44+4ClCH3->4H2+4C5H12+4OC+TiCl4
70   0.041249 -417.737    81.304   18   26.00  0.789   47.924 -25.165   73.792   70.674   2.419  -1.363     3.526  -1.464    -0.703      -7.512            TiO4C20H44+4ClCH3->3H2+5C4H10+4OC+TiCl4
261  0.039896 -419.087    85.815   90   26.00  0.734  107.449 -25.719  132.485  128.563   3.127  -1.476     3.613  -1.342     0.683      46.670        5TiO4C20H44+20ClH->24H2+16C5H12+20OC+5TiCl4
69   0.038429 -419.143    85.873   18   26.00  0.747   90.643 -24.084  115.430  111.646   3.048  -1.484     3.564  -1.344    -0.703      29.557              TiO4C20H44+4ClH->4H2+4C4H10+4OC+TiCl4
77   0.036398 -416.715    85.652   18   26.00  0.771   -1.279 -17.105   16.529   13.729   2.145  -1.281     3.438  -1.502    -0.703     -69.123           TiO4C20H44+4ClCH3->5CH4+3C5H12+4OC+TiCl4
67   0.035918 -417.483    87.266   18   26.00  0.751   58.340 -23.508   81.264   77.783   2.393  -1.289     3.834  -1.457     0.584      -6.002            TiO4C20H44+4ClCH3->3H2+5C4H10+4OC+TiCl4
102  0.034753 -416.395    34.047   30   30.00  0.794   18.073  15.849    2.927   -1.483   1.205  -0.241     3.579  -0.133    -0.703     -31.120           TiO4C20H44+10CH4+4ClH->10C3H8+4OH2+TiCl4
86   0.034747 -417.975    19.372   30   30.00  0.871   -6.737  11.237  -19.844  -23.667   1.094  -0.396     3.327  -0.202     1.870     -39.216         TiO4C20H44+10C2H6+4ClH->10C4H10+4OH2+TiCl4
66   0.033819 -418.940    90.643   18   26.00  0.721   98.976 -22.759  121.409  117.335   3.027  -1.425     3.811  -1.339     0.326      30.766              TiO4C20H44+4ClH->4H2+4C4H10+4OC+TiCl4
84   0.030073 -416.653    27.345   30   30.00  0.896   21.925   8.221   11.834    8.146   1.075  -0.354     3.160  -0.193     1.870     -15.511      TiO4C20H44+10C2H6+4ClCH3->10C4H10+4OCH4+TiCl4
88   0.028483 -418.483     7.449   30   30.00  0.999  -27.569   7.923  -34.789  -37.887   1.146  -0.543     2.710  -0.215    -0.703     -42.238         TiO4C20H44+10C2H6+4ClH->10C4H10+4OH2+TiCl4
99   0.028172 -415.073    42.019   30   30.00  0.821   46.735  12.833   34.605   30.330   1.186  -0.199     3.412  -0.124    -0.703      -7.414        TiO4C20H44+10CH4+4ClCH3->10C3H8+4OCH4+TiCl4
57   0.026349 -417.208    93.600   18   26.00  0.766    8.300 -15.420   24.423   21.178   2.084  -1.197     3.838  -1.480    -0.703     -69.177           TiO4C20H44+4ClCH3->4CH4+4C4H10+4OC+TiCl4
85   0.026172 -417.161    15.422   30   30.00  1.020    1.093   4.908   -3.112   -6.075   1.127  -0.501     2.543  -0.206    -0.703     -18.534      TiO4C20H44+10C2H6+4ClCH3->10C4H10+4OCH4+TiCl4
263  0.025702 -417.070    82.004  106   27.60  0.758  -55.716  -2.378  -52.635  -54.003   0.406  -1.981     3.962  -1.019    -0.703    -134.639      5TiO4C20H44+12OCH4+20ClH->48C2H6+16O2C+5TiCl4
64   0.025209 -418.109    96.969   18   26.00  0.726   31.425 -12.214   44.342   40.685   2.642  -1.319     3.714  -1.380    -0.703     -52.627             TiO4C20H44+4ClH->6CH4+2C5H12+4OC+TiCl4
103  0.024462 -418.125    17.397   30   30.00  1.047   -5.437  11.442  -20.506  -24.266   1.199  -0.379     3.156  -0.216     3.627     -37.903         TiO4C20H44+10C3H8+4ClH->10C5H12+4OH2+TiCl4
73   0.024004 -417.024    96.618   18   26.00  0.750   14.150 -14.516   28.070   24.663   2.075  -1.148     3.962  -1.482     0.596     -68.548           TiO4C20H44+4ClCH3->5CH4+3C5H12+4OC+TiCl4
230  0.023534 -418.283    98.461   54   26.00  0.726   84.502 -17.775  102.980   98.822   2.893  -1.330     3.926  -1.331    -0.703       4.519          3TiO4C20H44+12ClH->8H2+16C3H8+12OC+3TiCl4
232  0.023052 -416.662    97.039   54   26.00  0.758   40.247 -17.278   58.228   54.644   2.225  -1.171     3.978  -1.448    -0.703     -38.811        3TiO4C20H44+12ClCH3->4H2+20C3H8+12OC+3TiCl4
65   0.022687 -417.005    98.369   18   26.00  0.741   16.633 -14.095   30.402   26.867   2.064  -1.139     4.085  -1.475     0.326     -67.967           TiO4C20H44+4ClCH3->4CH4+4C4H10+4OC+TiCl4
101  0.021693 -416.803    25.370   30   30.00  1.068   23.225   8.426   11.172    7.546   1.180  -0.336     2.989  -0.207     3.627     -14.198      TiO4C20H44+10C3H8+4ClCH3->10C5H12+4OCH4+TiCl4
231  0.021325 -416.379    98.895   54   26.00  0.755   20.135 -13.359   34.197   30.671   2.159  -1.134     3.961  -1.460    -0.703     -64.698     3TiO4C20H44+12ClCH3->20C2H6+4C5H12+12OC+3TiCl4
229  0.019761 -418.438   102.267   54   26.00  0.724   37.811 -11.091   49.605   45.651   2.602  -1.263     3.981  -1.366    -0.703     -52.662        3TiO4C20H44+12ClH->16CH4+8C4H10+12OC+3TiCl4
63   0.019015 -416.659   101.544   18   26.00  0.751   22.783 -12.891   36.377   32.701   2.127  -1.107     4.109  -1.453    -0.703     -65.167          TiO4C20H44+4ClCH3->6C2H6+2C4H10+4OC+TiCl4
55   0.018953 -416.505   101.613   18   26.00  0.751   21.203 -13.194   35.100   31.499   2.077  -1.107     4.089  -1.458    -0.703     -66.513            TiO4C20H44+4ClCH3->2CH4+6C3H8+4OC+TiCl4
93   0.018757 -415.773   -11.185   30   30.00  1.221  -28.205  -0.204  -27.298  -28.903   1.414  -0.780     1.242  -0.271    -0.703     -16.113      TiO4C20H44+10C3H8+4ClCH3->10C5H12+4OCH4+TiCl4
52   0.018317 -418.315   104.280   18   26.00  0.716   41.711 -10.488   52.036   47.974   2.596  -1.231     4.064  -1.367     0.163     -52.244             TiO4C20H44+4ClH->6CH4+2C5H12+4OC+TiCl4
87   0.018250 -417.096   -19.157   30   30.00  1.203  -56.866   2.811  -58.974  -60.714   1.433  -0.822     1.409  -0.280    -0.703     -39.817         TiO4C20H44+10C3H8+4ClH->10C5H12+4OH2+TiCl4
233  0.017484 -418.302   105.447   54   26.00  0.712   43.366 -10.207   53.590   49.443   2.588  -1.224     4.145  -1.362    -0.017     -51.857        3TiO4C20H44+12ClH->16CH4+8C4H10+12OC+3TiCl4
56   0.017213 -416.557   103.929   18   26.00  0.745   26.949 -12.228   39.365   35.544   2.117  -1.077     4.232  -1.451    -0.188     -64.564          TiO4C20H44+4ClCH3->6C2H6+2C4H10+4OC+TiCl4
234  0.017073 -416.516   103.769   54   26.00  0.751   26.992 -12.208   39.326   35.531   2.128  -1.075     4.194  -1.452    -0.126     -64.443     3TiO4C20H44+12ClCH3->20C2H6+4C5H12+12OC+3TiCl4
76   0.017044 -416.373   104.239   18   26.00  0.743   26.557 -12.250   39.510   35.740   2.108  -1.077     4.186  -1.447    -0.703     -64.729           TiO4C20H44+4ClCH3->4C2H6+4C3H8+4OC+TiCl4
54   0.015508 -417.969   107.610   18   26.00  0.716   46.413  -9.607   56.723   52.532   2.597  -1.203     4.148  -1.351    -0.703     -50.887              TiO4C20H44+4ClH->4CH4+4C3H8+4OC+TiCl4
98   0.013336 -414.888    74.917   30   30.00  0.758 -111.374  48.837 -159.508 -164.464   0.173   0.311     4.652  -0.180    -0.703    -234.425            TiO4C20H44+10H2+4ClH->10C2H6+4OH2+TiCl4
83   0.011697 -419.065    78.253   26   30.00  0.762   29.971  10.052   20.622   17.058   1.673  -1.492     3.866  -0.483    -0.703     -57.631          TiO4C20H44+10ClH->6C2H6+2O2C+TiCl4+6ClCH3
72   0.011109 -417.705   112.860   18   26.00  0.738   57.121  -7.719   65.543   61.015   2.659  -1.142     4.341  -1.330    -0.703     -47.317                   TiO4C20H44+4ClH->8C2H6+4OC+TiCl4
96   0.009217 -413.566    82.889   30   30.00  0.786  -82.712  45.821 -127.830 -132.651   0.154   0.353     4.485  -0.171    -0.703    -210.719         TiO4C20H44+10H2+4ClCH3->10C2H6+4OCH4+TiCl4
100  0.003218 -416.159   104.943   22   30.00  0.816   25.905 -12.312   39.786   36.055   2.078  -1.080     4.174  -1.441    -1.569     -65.157         TiO4C20H44+2C5H12+4ClCH3->10C3H8+4OC+TiCl4
92   0.002165 -416.365   112.254   22   30.00  0.825   36.191 -10.586   47.480   43.344   2.032  -0.991     4.523  -1.428    -0.703     -64.774         TiO4C20H44+2C5H12+4ClCH3->10C3H8+4OC+TiCl4
97   0.002108 -415.940   115.038   22   30.00  0.776    6.022  -4.708   11.433    7.386   1.933  -0.936     4.497  -1.447    -0.703    -103.605            TiO4C20H44+2H2+4ClCH3->10C2H6+4OC+TiCl4
268  0.000990 -416.503   122.627  106   30.80  0.772   39.721 -16.019   56.443   52.481   2.430  -1.226     4.435  -1.677    -0.703     -66.184       5TiO4C20H44+4OH2+20ClCH3->48C2H6+24OC+5TiCl4
121  0.000751 -415.041    95.617   26   34.00  0.825   -4.007 -16.781   13.477   10.465   1.557  -1.011     4.030  -1.564    -0.703     -82.140            TiO4C20H44+8ClCH3->8C3H8+4OC+TiCl4+4ClH
106  0.000553 -416.533   123.075   22   32.00  0.777   28.205 -17.341   46.249   42.395   2.377  -1.258     4.500  -1.765    -0.703     -76.826           TiO4C20H44+OCH4+4ClCH3->10C2H6+5OC+TiCl4
254  0.000096 -416.798   135.932   70   34.00  0.769   75.221 -19.566   95.490   90.319   3.316  -0.908     4.658  -1.895    -0.703     -40.442       3TiO4C20H44+4O2C+12ClCH3->28C2H6+20OC+3TiCl4




---------------------------------------------------------------------
10 reactions with the worst weights:
---------------------------------------------------------------------
       weight      dfH  drE_corr   dn  n+|dn|      u     drH    ddrH      drE  drE_CBS  drE_CV  drE_IT  drE_TPNO  drE_SR  ddrHconf  drE_HF_CBS                                      reaction
254  0.000096 -416.798   135.932   70    34.0  0.769  75.221 -19.566   95.490   90.319   3.316  -0.908     4.658  -1.895    -0.703     -40.442  3TiO4C20H44+4O2C+12ClCH3->28C2H6+20OC+3TiCl4
106  0.000553 -416.533   123.075   22    32.0  0.777  28.205 -17.341   46.249   42.395   2.377  -1.258     4.500  -1.765    -0.703     -76.826      TiO4C20H44+OCH4+4ClCH3->10C2H6+5OC+TiCl4
121  0.000751 -415.041    95.617   26    34.0  0.825  -4.007 -16.781   13.477   10.465   1.557  -1.011     4.030  -1.564    -0.703     -82.140       TiO4C20H44+8ClCH3->8C3H8+4OC+TiCl4+4ClH
268  0.000990 -416.503   122.627  106    30.8  0.772  39.721 -16.019   56.443   52.481   2.430  -1.226     4.435  -1.677    -0.703     -66.184  5TiO4C20H44+4OH2+20ClCH3->48C2H6+24OC+5TiCl4
97   0.002108 -415.940   115.038   22    30.0  0.776   6.022  -4.708   11.433    7.386   1.933  -0.936     4.497  -1.447    -0.703    -103.605       TiO4C20H44+2H2+4ClCH3->10C2H6+4OC+TiCl4
92   0.002165 -416.365   112.254   22    30.0  0.825  36.191 -10.586   47.480   43.344   2.032  -0.991     4.523  -1.428    -0.703     -64.774    TiO4C20H44+2C5H12+4ClCH3->10C3H8+4OC+TiCl4
100  0.003218 -416.159   104.943   22    30.0  0.816  25.905 -12.312   39.786   36.055   2.078  -1.080     4.174  -1.441    -1.569     -65.157    TiO4C20H44+2C5H12+4ClCH3->10C3H8+4OC+TiCl4
96   0.009217 -413.566    82.889   30    30.0  0.786 -82.712  45.821 -127.830 -132.651   0.154   0.353     4.485  -0.171    -0.703    -210.719    TiO4C20H44+10H2+4ClCH3->10C2H6+4OCH4+TiCl4
72   0.011109 -417.705   112.860   18    26.0  0.738  57.121  -7.719   65.543   61.015   2.659  -1.142     4.341  -1.330    -0.703     -47.317              TiO4C20H44+4ClH->8C2H6+4OC+TiCl4
83   0.011697 -419.065    78.253   26    30.0  0.762  29.971  10.052   20.622   17.058   1.673  -1.492     3.866  -0.483    -0.703     -57.631     TiO4C20H44+10ClH->6C2H6+2O2C+TiCl4+6ClCH3




---------------------------------------------------------------------
10 reactions with the worst dHf:
---------------------------------------------------------------------
       weight      dfH  drE_corr  dn  n+|dn|      u      drH    ddrH      drE  drE_CBS  drE_CV  drE_IT  drE_TPNO  drE_SR  ddrHconf  drE_HF_CBS                                     reaction
69   0.038429 -419.143    85.873  18    26.0  0.747   90.643 -24.084  115.430  111.646   3.048  -1.484     3.564  -1.344    -0.703      29.557        TiO4C20H44+4ClH->4H2+4C4H10+4OC+TiCl4
261  0.039896 -419.087    85.815  90    26.0  0.734  107.449 -25.719  132.485  128.563   3.127  -1.476     3.613  -1.342     0.683      46.670  5TiO4C20H44+20ClH->24H2+16C5H12+20OC+5TiCl4
83   0.011697 -419.065    78.253  26    30.0  0.762   29.971  10.052   20.622   17.058   1.673  -1.492     3.866  -0.483    -0.703     -57.631    TiO4C20H44+10ClH->6C2H6+2O2C+TiCl4+6ClCH3
66   0.033819 -418.940    90.643  18    26.0  0.721   98.976 -22.759  121.409  117.335   3.027  -1.425     3.811  -1.339     0.326      30.766        TiO4C20H44+4ClH->4H2+4C4H10+4OC+TiCl4
262  0.058014 -418.758    74.117  90    26.0  0.759   90.992 -28.481  120.176  116.900   3.202  -1.617     3.054  -1.363    -0.703      46.059  5TiO4C20H44+20ClH->24H2+16C5H12+20OC+5TiCl4
88   0.028483 -418.483     7.449  30    30.0  0.999  -27.569   7.923  -34.789  -37.887   1.146  -0.543     2.710  -0.215    -0.703     -42.238   TiO4C20H44+10C2H6+4ClH->10C4H10+4OH2+TiCl4
229  0.019761 -418.438   102.267  54    26.0  0.724   37.811 -11.091   49.605   45.651   2.602  -1.263     3.981  -1.366    -0.703     -52.662  3TiO4C20H44+12ClH->16CH4+8C4H10+12OC+3TiCl4
52   0.018317 -418.315   104.280  18    26.0  0.716   41.711 -10.488   52.036   47.974   2.596  -1.231     4.064  -1.367     0.163     -52.244       TiO4C20H44+4ClH->6CH4+2C5H12+4OC+TiCl4
233  0.017484 -418.302   105.447  54    26.0  0.712   43.366 -10.207   53.590   49.443   2.588  -1.224     4.145  -1.362    -0.017     -51.857  3TiO4C20H44+12ClH->16CH4+8C4H10+12OC+3TiCl4
230  0.023534 -418.283    98.461  54    26.0  0.726   84.502 -17.775  102.980   98.822   2.893  -1.330     3.926  -1.331    -0.703       4.519    3TiO4C20H44+12ClH->8H2+16C3H8+12OC+3TiCl4
