---------------------------------------------------------------------
Results for m1_00_TiOtBu4-PBE0-D3-TZ_TiCl4.all 

Average dfH = -395.1 

Uncertainty = 1.79
Computational contribution = 1.62
Experimental contribution = 0.76
---------------------------------------------------------------------
Number of reactions with all coeficients ≤  10 : 177  of  291
Parameters:
h1 = 8.81 
h2 = 50.71 

Summ of all weights = 63.81
---------------------------------------------------------------------
Average values and MSE of reaction characteristics:

                      Mean       St dev
          dfH      -395.10         0.81
     drE_corr        25.99        18.60
    n+dn_priv        17.99         2.51
          drH       -20.95        46.93
         ddrH         8.40        10.18
          drE       -29.73        49.01
      drE_CBS       -32.33        48.20
       drE_IT        -0.85         0.56
       drE_CV         0.93         0.80
       drE_SR        -0.55         0.29
   drE_HF_CBS       -55.72        43.76
     ddrHconf         0.38         0.75
          u/2         0.38         0.02


---------------------------------------------------------------------
177 reactions with the best weights:
---------------------------------------------------------------------
           weight      dfH  drE_corr   dn  n+|dn|      u      drH    ddrH      drE  drE_CBS  drE_CV  drE_IT  drE_TPNO  drE_SR  ddrHconf  drE_HF_CBS                                           reaction
1    1.000000e+00 -395.585    18.595   12   14.00  0.751  -28.165   5.281  -33.251  -35.541   1.166  -1.027     2.759  -0.608    -0.195     -51.846             TiO4C16H36+4ClH->3C5H12+O2C+2OH2+TiCl4
13   9.442543e-01 -395.310     4.660   18   18.00  0.721  -89.514  14.857 -105.206 -105.475  -0.845  -1.652     2.917  -0.151     0.835    -109.866             TiO4C16H36+4OC+4ClH->4C4H10+4O2C+TiCl4
237  9.436323e-01 -394.886    12.872   82   16.40  0.758  -58.396  21.118  -79.319  -82.587   0.994  -0.310     2.955  -0.371    -0.195     -92.191       5TiO4C16H36+16H2+20ClH->16C5H12+20OH2+5TiCl4
195  9.319766e-01 -394.258    12.518   50   15.00  0.796  -63.239  -0.858  -62.186  -63.438   0.618  -1.119     2.544  -0.791    -0.195     -74.704      4TiO4C16H36+16ClCH3->15C5H12+5O2C+6OH2+4TiCl4
5    9.142869e-01 -395.390    16.927   16   16.00  0.763   42.680  12.149   30.726   26.989   1.846  -0.504     2.624  -0.229    -0.195      13.799           TiO4C16H36+3CH4+4ClH->3C5H12+4OCH4+TiCl4
253  9.022089e-01 -394.260    18.539   86   14.57  0.786  -35.923   0.481  -36.209  -37.847   0.845  -1.062     2.564  -0.709    -0.195     -54.748    7TiO4C16H36+28ClCH3->24C5H12+8O2C+12OCH4+7TiCl4
249  8.932508e-01 -395.588    26.624   82   13.43  0.742    8.255   7.066    1.384   -1.421   1.468  -0.951     2.786  -0.498    -0.195     -25.240      7TiO4C16H36+28ClH->18C5H12+6O2C+16OCH4+7TiCl4
36   8.871238e-01 -395.513    -0.110   18   18.00  0.747  -97.847  13.532 -111.184 -111.163  -0.824  -1.711     2.670  -0.156    -0.195    -111.074             TiO4C16H36+4OC+4ClH->4C4H10+4O2C+TiCl4
0    8.618596e-01 -395.894    29.561   12   14.00  0.730  -12.736   7.870  -21.710  -24.607   1.096  -0.894     3.283  -0.588     1.104     -51.271             TiO4C16H36+4ClH->3C5H12+O2C+2OH2+TiCl4
234  8.487254e-01 -395.216    24.570   82   16.40  0.734  -41.939  23.880  -67.010  -70.925   0.920  -0.168     3.514  -0.351     1.191     -91.580       5TiO4C16H36+16H2+20ClH->16C5H12+20OH2+5TiCl4
223  8.334766e-01 -395.066    28.353   74   14.80  0.745   12.897  20.282   -7.190  -11.117   1.566  -0.355     2.954  -0.238    -0.195     -35.543      5TiO4C16H36+12H2+20ClH->12C5H12+20OCH4+5TiCl4
15   8.254760e-01 -394.038    -4.752   18   18.00  0.771 -119.558  10.408 -131.503 -130.988  -1.354  -1.580     2.693  -0.274     1.537    -126.751           TiO4C16H36+4OC+4ClCH3->4C5H12+4O2C+TiCl4
194  8.228790e-01 -394.644    26.226   50   15.00  0.764  -43.953   2.379  -47.761  -49.771   0.531  -0.953     3.199  -0.767     1.429     -73.987      4TiO4C16H36+16ClCH3->15C5H12+5O2C+6OH2+4TiCl4
40   8.212896e-01 -395.731    12.260   18   18.00  0.754    1.887  13.726  -13.376  -17.198   1.274  -0.332     3.214  -0.334     1.537     -25.636            TiO4C16H36+4CH4+4ClH->4C5H12+4OH2+TiCl4
243  8.112850e-01 -394.306    14.930   82   18.00  0.748  -90.723   5.945  -97.708  -98.080  -0.667  -1.486     3.063  -0.538     1.040    -112.638     5TiO4C16H36+12OC+20ClCH3->24C4H10+16O2C+5TiCl4
3    7.985558e-01 -395.699    27.893   16   16.00  0.742   58.109  14.738   42.267   37.925   1.775  -0.371     3.148  -0.210     1.104      14.374           TiO4C16H36+3CH4+4ClH->3C5H12+4OCH4+TiCl4
32   7.914636e-01 -395.319    -2.362   18   18.00  0.790  -18.685  10.274  -28.764  -31.778   1.368  -0.509     2.515  -0.360    -0.195     -26.402            TiO4C16H36+4CH4+4ClH->4C5H12+4OH2+TiCl4
239  7.884687e-01 -393.564    20.845   82   16.40  0.787  -29.734  18.103  -47.642  -50.775   0.975  -0.268     2.788  -0.362    -0.195     -68.487    5TiO4C16H36+16H2+20ClCH3->16C5H12+20OCH4+5TiCl4
245  7.792504e-01 -394.550     9.207   82   18.00  0.784 -100.722   4.355 -104.882 -104.906  -0.642  -1.557     2.767  -0.544    -0.195    -114.089     5TiO4C16H36+12OC+20ClCH3->24C4H10+16O2C+5TiCl4
254  7.597048e-01 -394.613    31.072   86   14.57  0.759  -18.291   3.440  -23.021  -25.353   0.765  -0.910     3.163  -0.686     1.290     -54.093    7TiO4C16H36+28ClCH3->24C5H12+8O2C+12OCH4+7TiCl4
23   7.535246e-01 -393.384     5.364   18   18.00  0.806 -101.028  18.939 -119.772 -122.246   0.404  -0.223     2.789  -0.496    -0.195    -125.136           TiO4C16H36+4H2+4ClCH3->4C5H12+4OH2+TiCl4
248  7.420799e-01 -395.853    36.023   82   13.43  0.726   21.480   9.285   11.276    7.951   1.408  -0.837     3.235  -0.481     0.919     -24.747      7TiO4C16H36+28ClH->18C5H12+6O2C+16OCH4+7TiCl4
17   7.348196e-01 -395.592     8.981   18   18.00  0.808   29.832   9.901   20.126   16.826   1.837  -0.593     2.310  -0.254    -0.195      11.145          TiO4C16H36+4C2H6+4ClH->4C5H12+4OCH4+TiCl4
25   7.308107e-01 -393.997     5.610   18   18.00  0.818    9.977   7.259    2.913    0.034   1.349  -0.467     2.348  -0.351    -0.195      -2.697         TiO4C16H36+4CH4+4ClCH3->4C5H12+4OCH4+TiCl4
26   7.147870e-01 -393.796    19.986   18   18.00  0.770  -80.456  22.391 -104.384 -107.667   0.311  -0.045     3.487  -0.470     1.537    -124.370           TiO4C16H36+4H2+4ClCH3->4C5H12+4OH2+TiCl4
247  7.106298e-01 -394.782    16.810   70   18.00  0.790  -40.565 -12.736  -27.634  -28.153   0.747  -1.657     2.397  -0.968    -0.195     -44.444     5TiO4C16H36+20ClCH3->12H2+18C5H12+10O2C+5TiCl4
242  7.086431e-01 -396.284    24.318   70   18.00  0.745    2.066 -10.556   12.817   11.506   1.337  -1.745     2.563  -0.844    -0.195     -11.501       5TiO4C16H36+20ClH->16H2+14C5H12+10O2C+5TiCl4
9    7.007063e-01 -395.271    24.628   18   18.00  0.747  -58.745  25.514  -84.064  -87.840   0.840  -0.177     3.465  -0.352    -0.195    -108.692             TiO4C16H36+4H2+4ClH->4C4H10+4OH2+TiCl4
227  6.923751e-01 -395.313    37.126   74   14.80  0.731   25.240  22.353    2.042   -2.370   1.510  -0.249     3.373  -0.222     0.845     -35.084      5TiO4C16H36+12H2+20ClH->12C5H12+20OCH4+5TiCl4
37   6.903566e-01 -394.408    20.232   18   18.00  0.782   30.548  10.711   18.300   14.612   1.255  -0.289     3.047  -0.325     1.537      -1.932         TiO4C16H36+4CH4+4ClCH3->4C5H12+4OCH4+TiCl4
20   6.820671e-01 -395.260    29.048   16   18.00  0.723  -53.801   9.327  -62.933  -64.151   0.044  -1.525     3.179  -0.480    -0.195     -91.981              TiO4C16H36+2OC+4ClH->5C3H8+3O2C+TiCl4
42   6.804214e-01 -395.068    29.398   18   18.00  0.721  -50.412  26.840  -78.087  -82.152   0.819  -0.118     3.711  -0.347     0.835    -107.485             TiO4C16H36+4H2+4ClH->4C4H10+4OH2+TiCl4
12   6.755047e-01 -395.883    24.875   18   18.00  0.759   52.259  13.834   38.620   34.438   1.785  -0.420     3.024  -0.207    -0.195      13.745           TiO4C16H36+4CH4+4ClH->4C4H10+4OCH4+TiCl4
24   6.670656e-01 -396.004    23.603   18   18.00  0.773   50.404  13.354   35.513   31.404   1.744  -0.416     3.009  -0.228     1.537      11.910          TiO4C16H36+4C2H6+4ClH->4C5H12+4OCH4+TiCl4
220  6.604233e-01 -395.778    37.998   62   14.80  0.739   39.517   5.123   34.589   30.895   2.099  -0.742     2.957  -0.620    -0.195      -3.409       5TiO4C16H36+20ClH->12C5H12+14OCH4+6OC+5TiCl4
6    6.585015e-01 -393.626   -19.374   18   18.00  0.806 -140.130   6.956 -146.891 -145.569  -1.260  -1.757     1.994  -0.299    -0.195    -127.517           TiO4C16H36+4OC+4ClCH3->4C5H12+4O2C+TiCl4
235  6.562488e-01 -393.893    32.542   82   16.40  0.764  -13.277  20.864  -35.332  -39.113   0.901  -0.126     3.347  -0.341     1.191     -67.874    5TiO4C16H36+16H2+20ClCH3->16C5H12+20OCH4+5TiCl4
22   6.528344e-01 -395.680    29.644   18   18.00  0.734   60.592  15.160   44.597   40.127   1.764  -0.362     3.270  -0.202     0.835      14.953           TiO4C16H36+4CH4+4ClH->4C4H10+4OCH4+TiCl4
2    6.366079e-01 -395.355    37.170   16   16.00  0.739   12.636  23.579  -10.748  -15.055   1.450  -0.255     3.336  -0.224    -0.195     -47.918            TiO4C16H36+3H2+4ClH->3C4H10+4OCH4+TiCl4
33   6.123208e-01 -394.457    28.236   14   18.00  0.770  -70.349  -4.602  -65.552  -66.261   0.467  -1.508     2.727  -0.977    -0.195     -93.788          TiO4C16H36+4ClCH3->3CH4+3C5H12+2O2C+TiCl4
238  6.110316e-01 -394.513    33.704   66   16.40  0.780    5.759  -2.109    8.063    5.239   1.687  -0.783     2.792  -0.872    -0.195     -25.641     5TiO4C16H36+20ClCH3->16C5H12+12OCH4+8OC+5TiCl4
244  6.027724e-01 -395.153    29.969   70   18.00  0.761  -22.051  -9.629  -13.786  -15.033   0.663  -1.497     3.026  -0.945     1.364     -43.755     5TiO4C16H36+20ClCH3->12H2+18C5H12+10O2C+5TiCl4
4    5.951235e-01 -395.202    40.747   16   16.00  0.724   18.885  24.573   -6.265  -10.789   1.434  -0.211     3.521  -0.220     0.577     -47.012            TiO4C16H36+3H2+4ClH->3C4H10+4OCH4+TiCl4
246  5.903250e-01 -396.572    34.553   70   18.00  0.726   16.467  -8.139   23.588   21.710   1.272  -1.620     3.052  -0.826     1.018     -10.965       5TiO4C16H36+20ClH->16H2+14C5H12+10O2C+5TiCl4
126  5.788024e-01 -395.215    30.035   28   18.00  0.776  -40.958  -7.790  -32.973  -34.063   0.573  -1.507     2.971  -0.947    -0.195     -63.008         2TiO4C16H36+8ClCH3->3H2+9C4H10+4O2C+2TiCl4
44   5.771886e-01 -394.440     4.598   20   20.00  0.799  -25.674   9.699  -37.343  -40.511   0.754  -0.249     3.112  -0.449     1.970     -41.941          TiO4C16H36+5CH4+4ClCH3->5C5H12+4OH2+TiCl4
207  5.742350e-01 -395.086   -11.742   58   20.67  0.738 -113.543  18.576 -133.368 -132.898  -1.417  -1.730     2.608   0.069     1.249    -121.626       3TiO4C16H36+16OC+12ClH->10C5H12+14O2C+3TiCl4
127  5.735897e-01 -396.621    34.605   28   18.00  0.736    1.761  -6.709    8.665    6.910   1.202  -1.628     3.009  -0.828    -0.195     -25.940           2TiO4C16H36+8ClH->5H2+7C4H10+4O2C+2TiCl4
197  5.561945e-01 -395.705    14.594   62   20.67  0.739    5.197  14.288  -10.269  -14.262   1.259  -0.319     3.377  -0.324     1.178     -24.863      3TiO4C16H36+16CH4+12ClH->16C4H10+12OH2+3TiCl4
128  5.478126e-01 -394.986    35.401   28   18.00  0.745  -31.583  -6.299  -26.247  -27.662   0.550  -1.441     3.248  -0.942     0.963     -61.648         2TiO4C16H36+8ClCH3->3H2+9C4H10+4O2C+2TiCl4
11   5.437290e-01 -393.949    32.601   18   18.00  0.776  -30.083  22.499  -52.387  -56.029   0.821  -0.134     3.298  -0.343    -0.195     -84.988          TiO4C16H36+4H2+4ClCH3->4C4H10+4OCH4+TiCl4
129  5.380296e-01 -396.443    38.778   28   18.00  0.716    9.052  -5.550   13.896   11.886   1.184  -1.576     3.225  -0.823     0.706     -24.882           2TiO4C16H36+8ClH->5H2+7C4H10+4O2C+2TiCl4
29   5.275137e-01 -394.256    36.181   14   18.00  0.751  -57.500  -2.355  -54.950  -56.094   0.475  -1.419     3.040  -0.952    -0.195     -91.131         TiO4C16H36+4ClCH3->4C2H6+2C5H12+2O2C+TiCl4
233  5.250113e-01 -395.577    43.938   66   16.40  0.721  -15.867   5.414  -21.086  -23.582   0.990  -1.199     3.426  -0.721    -0.195     -65.024         5TiO4C16H36+20ClH->24C3H8+8O2C+4OH2+5TiCl4
203  5.242188e-01 -395.976     8.235   62   20.67  0.783   -5.913  12.521  -18.239  -21.845   1.286  -0.397     3.048  -0.331    -0.195     -26.474      3TiO4C16H36+16CH4+12ClH->16C4H10+12OH2+3TiCl4
34   5.139425e-01 -395.851    39.552   14   18.00  0.724  -37.645   0.288  -37.738  -39.303   0.964  -1.546     3.003  -0.856    -0.195     -77.290            TiO4C16H36+4ClH->4CH4+2C5H12+2O2C+TiCl4
224  5.138315e-01 -396.025    46.771   62   14.80  0.725   51.860   7.195   43.820   39.642   2.043  -0.636     3.376  -0.605     0.845      -2.951       5TiO4C16H36+20ClH->12C5H12+14OCH4+6OC+5TiCl4
45   5.103466e-01 -393.865    20.059   20   20.00  0.789 -101.464  24.434 -125.703 -128.812   0.211  -0.056     3.426  -0.472    -0.195    -145.762           TiO4C16H36+5H2+4ClCH3->5C4H10+4OH2+TiCl4
35   5.098733e-01 -393.746    37.370   18   18.00  0.751  -21.750  23.824  -46.409  -50.340   0.800  -0.075     3.544  -0.338     0.835     -83.779          TiO4C16H36+4H2+4ClCH3->4C4H10+4OCH4+TiCl4
16   5.083541e-01 -394.951    36.183   14   18.00  0.765  -60.769  -2.917  -57.657  -58.811   0.406  -1.424     3.127  -0.955    -0.195     -93.840          TiO4C16H36+4ClCH3->2CH4+4C4H10+2O2C+TiCl4
104  5.078332e-01 -395.578    45.867   26   16.00  0.719   -0.702   6.187   -6.694   -9.402   1.133  -1.155     3.396  -0.666    -0.195     -52.561          2TiO4C16H36+8ClH->9C3H8+3O2C+2OCH4+2TiCl4
48   5.062149e-01 -393.611    26.021   20   20.00  0.751  -91.048  26.090 -118.230 -121.701   0.185   0.018     3.734  -0.466     1.092    -144.251           TiO4C16H36+5H2+4ClCH3->5C4H10+4OH2+TiCl4
201  4.995723e-01 -396.137     6.539   62   20.67  0.806   -8.387  11.880  -22.382  -25.892   1.232  -0.391     3.028  -0.359     2.115     -28.921     3TiO4C16H36+16C2H6+12ClH->16C5H12+12OH2+3TiCl4
27   4.853822e-01 -394.766    39.202   14   18.00  0.749  -54.920  -2.013  -54.011  -55.326   0.397  -1.375     3.251  -0.958     1.104     -93.213          TiO4C16H36+4ClCH3->3CH4+3C5H12+2O2C+TiCl4
47   4.747650e-01 -393.925   -13.679   20   20.00  0.853  -51.389   5.383  -56.577  -58.735   0.871  -0.471     2.239  -0.481    -0.195     -42.898          TiO4C16H36+5CH4+4ClCH3->5C5H12+4OH2+TiCl4
38   4.708593e-01 -394.747    40.952   14   18.00  0.740  -52.437  -1.592  -51.680  -53.123   0.385  -1.365     3.373  -0.950     0.835     -92.632          TiO4C16H36+4ClCH3->2CH4+4C4H10+2O2C+TiCl4
8    4.700426e-01 -394.676    40.156   14   18.00  0.750  -53.528  -1.653  -51.680  -53.048   0.427  -1.379     3.262  -0.942    -0.195     -91.836         TiO4C16H36+4ClCH3->3C2H6+3C4H10+2O2C+TiCl4
273  4.638522e-01 -396.363    44.491  122   17.11  0.737   12.417   2.197   10.415    6.746   1.902  -0.784     3.413  -0.862    -0.195     -34.076       9TiO4C16H36+36ClH->32C4H10+20OH2+16OC+9TiCl4
200  4.589394e-01 -394.383    22.566   62   20.67  0.768   33.859  11.272   21.409   17.551   1.239  -0.276     3.210  -0.315     1.178      -1.157   3TiO4C16H36+16CH4+12ClCH3->16C4H10+12OCH4+3TiCl4
236  4.538405e-01 -394.843    45.402   66   16.40  0.756   22.216   0.652   20.373   16.904   1.612  -0.642     3.351  -0.852     1.191     -25.029     5TiO4C16H36+20ClCH3->16C5H12+12OCH4+8OC+5TiCl4
206  4.529832e-01 -394.654    16.207   62   20.67  0.811   22.749   9.505   13.439    9.968   1.267  -0.355     2.881  -0.322    -0.195      -2.768   3TiO4C16H36+16CH4+12ClCH3->16C4H10+12OCH4+3TiCl4
208  4.524838e-01 -394.743   -23.927   58   20.67  0.764 -130.687  15.699 -146.191 -145.048  -1.339  -1.878     2.026   0.048    -0.195    -122.264       3TiO4C16H36+16OC+12ClH->10C5H12+14O2C+3TiCl4
199  4.381559e-01 -394.815    14.512   62   20.67  0.833   20.275   8.864    9.296    5.919   1.213  -0.348     2.861  -0.349     2.115      -5.216  3TiO4C16H36+16C2H6+12ClCH3->16C5H12+12OCH4+3TiCl4
14   4.343294e-01 -394.523    43.733   14   18.00  0.736  -47.279  -0.659  -47.197  -48.784   0.412  -1.334     3.447  -0.938     0.577     -90.930         TiO4C16H36+4ClCH3->3C2H6+3C4H10+2O2C+TiCl4
185  4.342823e-01 -396.180    44.851   42   18.00  0.722  -31.259   1.412  -32.476  -34.337   0.923  -1.490     3.269  -0.841    -0.195     -77.327        3TiO4C16H36+12ClH->10CH4+8C4H10+6O2C+3TiCl4
106  4.339018e-01 -396.245    49.226   26   16.00  0.731   45.911   4.631   41.475   37.458   2.117  -0.738     3.340  -0.702    -0.195      -7.751          2TiO4C16H36+8ClH->6C4H10+5OCH4+3OC+2TiCl4
21   4.320053e-01 -394.461    43.492   14   18.00  0.741  -47.215  -0.629  -47.257  -48.805   0.428  -1.331     3.390  -0.939     0.671     -90.749         TiO4C16H36+4ClCH3->4C2H6+2C5H12+2O2C+TiCl4
184  4.250554e-01 -395.868    45.619   42   18.00  0.720   -3.613  -1.188   -2.230   -4.312   1.066  -1.493     3.326  -0.817    -0.195     -47.849          3TiO4C16H36+12ClH->4H2+14C3H8+6O2C+3TiCl4
272  4.202708e-01 -396.183    48.730  122   17.11  0.717   19.824   3.375   15.729   11.804   1.883  -0.732     3.632  -0.858     0.720     -33.001       9TiO4C16H36+36ClH->32C4H10+20OH2+16OC+9TiCl4
198  4.121903e-01 -395.588   -12.957   62   20.67  0.866  -35.816   7.277  -42.898  -45.332   1.357  -0.627     2.097  -0.393    -0.195     -29.941     3TiO4C16H36+16C2H6+12ClH->16C5H12+12OH2+3TiCl4
28   4.121599e-01 -396.057    46.863   14   18.00  0.715  -27.359   2.014  -30.044  -32.013   0.917  -1.457     3.352  -0.843     0.671     -76.907            TiO4C16H36+4ClH->4CH4+2C5H12+2O2C+TiCl4
196  4.116609e-01 -394.266    -4.984   62   20.67  0.891   -7.154   4.262  -11.221  -13.520   1.338  -0.585     1.930  -0.384    -0.195      -6.237  3TiO4C16H36+16C2H6+12ClCH3->16C5H12+12OCH4+3TiCl4
19   4.105854e-01 -394.247    44.197   14   18.00  0.751  -47.867  -0.691  -46.981  -48.491   0.399  -1.334     3.378  -0.933    -0.195     -91.178                TiO4C16H36+4ClCH3->6C3H8+2O2C+TiCl4
43   4.023349e-01 -394.709    46.611   18   18.00  0.727    8.029  28.312  -20.088  -24.675   1.334  -0.140     3.607  -0.214    -0.195     -66.699             TiO4C16H36+4H2+4ClH->4C3H8+4OCH4+TiCl4
186  4.003649e-01 -396.044    48.030   42   18.00  0.710  -25.704   2.295  -28.491  -30.545   0.909  -1.451     3.434  -0.838     0.492     -76.521        3TiO4C16H36+12ClH->10CH4+8C4H10+6O2C+3TiCl4
105  3.913298e-01 -396.092    52.803   26   16.00  0.717   52.160   5.625   45.958   41.724   2.101  -0.694     3.525  -0.698     0.577      -6.845          2TiO4C16H36+8ClH->6C4H10+5OCH4+3OC+2TiCl4
204  3.653191e-01 -394.411    37.216   62   20.67  0.726  -64.886  31.824  -96.515 -100.663   0.685  -0.023     3.826  -0.340    -0.195    -133.731        3TiO4C16H36+16H2+12ClH->16C3H8+12OH2+3TiCl4
31   3.634751e-01 -395.711    50.193   14   18.00  0.715  -22.657   2.896  -25.358  -27.457   0.918  -1.430     3.437  -0.826    -0.195     -75.551             TiO4C16H36+4ClH->2CH4+4C3H8+2O2C+TiCl4
182  3.590884e-01 -395.582    50.147   42   18.00  0.720  -20.514   3.285  -23.604  -25.750   0.975  -1.428     3.421  -0.822    -0.195     -73.751       3TiO4C16H36+12ClH->16C2H6+2C5H12+6O2C+3TiCl4
7    3.426826e-01 -395.722    51.471   14   18.00  0.718  -19.190   3.519  -22.514  -24.735   0.959  -1.414     3.495  -0.819    -0.195     -73.985            TiO4C16H36+4ClH->5C2H6+C4H10+2O2C+TiCl4
278  3.356013e-01 -395.231    44.887  130   18.89  0.775  -12.511  -4.713   -7.603  -10.578   1.538  -0.815     3.361  -1.109    -0.195     -52.490     9TiO4C16H36+36ClCH3->40C4H10+16OH2+20OC+9TiCl4
30   3.348469e-01 -395.136    48.675   14   18.00  0.767   14.284  -2.766   17.245   13.992   1.710  -0.779     3.303  -0.981    -0.195     -31.430          TiO4C16H36+4ClCH3->4C4H10+2OCH4+2OC+TiCl4
51   3.324884e-01 -396.128    24.084   22   22.00  0.777   50.276  13.293   35.634   31.449   1.711  -0.423     3.123  -0.226     1.349      11.550          TiO4C16H36+6C2H6+4ClH->6C4H10+4OCH4+TiCl4
10   3.290152e-01 -395.579    52.819   14   18.00  0.713  -17.303   3.840  -20.948  -23.215   0.949  -1.399     3.533  -0.816    -0.195     -73.767            TiO4C16H36+4ClH->4C2H6+2C3H8+2O2C+TiCl4
39   3.283452e-01 -395.671    52.664   14   18.00  0.716  -17.107   3.850  -21.020  -23.313   0.954  -1.399     3.556  -0.818     0.063     -73.684            TiO4C16H36+4ClH->5C2H6+C4H10+2O2C+TiCl4
183  3.275896e-01 -395.651    52.584   42   18.00  0.718  -17.085   3.861  -21.040  -23.320   0.959  -1.398     3.537  -0.818     0.094     -73.624       3TiO4C16H36+12ClH->16C2H6+2C5H12+6O2C+3TiCl4
55   3.258195e-01 -396.433    16.930   22   22.00  0.831   37.777  11.305   26.667   22.917   1.742  -0.511     2.753  -0.234    -0.195       9.737          TiO4C16H36+6C2H6+4ClH->6C4H10+4OCH4+TiCl4
279  2.993428e-01 -395.005    50.187  130   18.89  0.744   -3.253  -3.241   -0.961   -4.258   1.515  -0.750     3.635  -1.103     0.949     -51.148     9TiO4C16H36+36ClCH3->40C4H10+16OH2+20OC+9TiCl4
216  2.967732e-01 -394.408     7.516   70   23.33  0.777  -21.536  10.401  -33.458  -36.839   0.734  -0.233     3.317  -0.437     1.521     -40.974    3TiO4C16H36+20CH4+12ClCH3->20C4H10+12OH2+3TiCl4
41   2.960405e-01 -394.932    53.445   14   18.00  0.742   22.616  -1.441   23.222   19.679   1.689  -0.720     3.550  -0.976     0.835     -30.223          TiO4C16H36+4ClCH3->4C4H10+2OCH4+2OC+TiCl4
50   2.959752e-01 -395.180    32.888   22   22.00  0.747   65.162  16.060   49.297   44.760   1.777  -0.330     3.275  -0.185    -0.195      16.409            TiO4C16H36+6CH4+4ClH->6C3H8+4OCH4+TiCl4
58   2.951425e-01 -395.601     0.966   22   22.00  0.923   20.199   8.238   12.156    9.221   1.914  -0.679     1.973  -0.273    -0.195      11.190          TiO4C16H36+6C3H8+4ClH->6C5H12+4OCH4+TiCl4
49   2.825813e-01 -396.218    22.899   22   22.00  0.852   51.056  13.416   35.237   31.090   1.774  -0.413     3.021  -0.235     2.403      12.338          TiO4C16H36+6C3H8+4ClH->6C5H12+4OCH4+TiCl4
209  2.609310e-01 -393.089    45.189   62   20.67  0.756  -36.225  28.809  -64.839  -68.854   0.666   0.020     3.659  -0.330    -0.195    -110.028     3TiO4C16H36+16H2+12ClCH3->16C3H8+12OCH4+3TiCl4
217  2.583168e-01 -394.747    -0.433   70   23.33  0.842  -35.424   8.192  -43.421  -46.320   0.769  -0.331     2.906  -0.445    -0.195     -42.988    3TiO4C16H36+20CH4+12ClCH3->20C4H10+12OH2+3TiCl4
218  2.386120e-01 -394.948    -2.552   70   23.33  0.875  -38.516   7.391  -48.599  -51.378   0.701  -0.323     2.881  -0.480     2.692     -46.047   3TiO4C16H36+20C2H6+12ClCH3->20C5H12+12OH2+3TiCl4
18   2.082874e-01 -395.896    62.685   14   18.00  0.718   52.396   3.047   49.544   45.344   2.223  -0.784     3.613  -0.852    -0.195     -13.141             TiO4C16H36+4ClH->4C3H8+2OCH4+2OC+TiCl4
266  1.940155e-01 -395.938    60.955  102   19.14  0.719   27.485   0.943   26.737   22.780   2.072  -0.826     3.708  -0.997    -0.195     -34.218        7TiO4C16H36+28ClH->32C3H8+12OH2+16OC+7TiCl4
215  1.936695e-01 -392.790    35.794   70   23.33  0.758 -109.140  32.321 -141.266 -144.842   0.017   0.137     3.878  -0.456    -0.195    -177.060      3TiO4C16H36+20H2+12ClCH3->20C3H8+12OH2+3TiCl4
46   1.870835e-01 -395.363    58.218   16   20.00  0.729  -27.570   7.610  -34.985  -37.391   0.862  -1.329     3.689  -0.816    -0.195     -93.203               TiO4C16H36+H2+4ClH->7C2H6+2O2C+TiCl4
270  1.710300e-01 -395.581    59.161  110   20.29  0.728  -18.328   2.715  -20.848  -22.952   0.920  -1.542     3.610  -0.884    -0.195     -80.009        7TiO4C16H36+4OH2+28ClH->48C2H6+16O2C+7TiCl4
219  1.496018e-01 -394.262   -26.922   70   23.33  0.961  -72.802   1.637  -74.244  -75.675   0.857  -0.619     1.716  -0.523    -0.195     -47.322   3TiO4C16H36+20C2H6+12ClCH3->20C5H12+12OH2+3TiCl4
256  1.479792e-01 -395.580    58.380   82   21.20  0.731  -30.583   1.962  -32.350  -34.264   0.802  -1.595     3.643  -0.936    -0.195     -90.730       5TiO4C16H36+4OCH4+20ClH->36C2H6+12O2C+5TiCl4
52   1.397157e-01 -395.447    55.444   18   22.00  0.738  -11.949   4.784  -16.538  -18.973   0.980  -1.369     3.630  -0.806    -0.195     -71.982             TiO4C16H36+2CH4+4ClH->8C2H6+2O2C+TiCl4
53   1.395926e-01 -395.365    53.523   18   22.00  0.769  -17.955   3.777  -20.672  -22.901   0.920  -1.402     3.521  -0.810    -1.060     -74.195           TiO4C16H36+2C5H12+4ClH->8C3H8+2O2C+TiCl4
59   1.341050e-01 -396.245    57.129   18   22.00  0.726   -2.021   6.105   -7.931  -10.577   1.225  -1.432     3.611  -0.758    -0.195     -65.060           TiO4C16H36+6ClH->6C2H6+2O2C+TiCl4+2ClCH3
57   1.299193e-01 -394.276    57.410   22   22.00  0.733  -12.506  35.853  -48.164  -53.029   1.158   0.001     3.919  -0.213    -0.195    -105.574             TiO4C16H36+6H2+4ClH->6C2H6+4OCH4+TiCl4
68   1.271609e-01 -395.039    18.919   26   26.00  0.761   11.291  15.489   -4.003   -8.085   1.277  -0.277     3.383  -0.301    -0.195     -22.922             TiO4C16H36+8CH4+4ClH->8C3H8+4OH2+TiCl4
80   1.252057e-01 -396.302     7.180   26   26.00  0.814   -8.558  11.800  -22.222  -25.834   1.188  -0.401     3.181  -0.356     1.864     -29.402           TiO4C16H36+8C2H6+4ClH->8C4H10+4OH2+TiCl4
82   1.094485e-01 -394.980    15.152   26   26.00  0.841   20.104   8.784    9.456    5.978   1.169  -0.358     3.014  -0.347     1.864      -5.696        TiO4C16H36+8C2H6+4ClCH3->8C4H10+4OCH4+TiCl4
202  1.055191e-01 -394.671    66.621   46   20.67  0.746   22.931  -4.878   28.004   24.507   1.851  -0.840     3.667  -1.181    -0.195     -38.617       3TiO4C16H36+12ClCH3->16C3H8+4OCH4+8OC+3TiCl4
62   1.035774e-01 -396.709    -2.359   26   26.00  0.903  -25.223   9.149  -34.177  -37.210   1.229  -0.518     2.688  -0.366    -0.195     -31.818           TiO4C16H36+8C2H6+4ClH->8C4H10+4OH2+TiCl4
66   1.023704e-01 -393.716    26.892   26   26.00  0.790   39.952  12.473   27.674   23.727   1.257  -0.234     3.216  -0.292    -0.195       0.782          TiO4C16H36+8CH4+4ClCH3->8C3H8+4OCH4+TiCl4
205  1.000525e-01 -395.792    68.665   46   20.67  0.726    7.029   0.182    7.042    4.075   1.553  -1.315     3.769  -1.040    -0.195     -61.623          3TiO4C16H36+12ClH->20C2H6+4O2C+4OC+3TiCl4
54   9.826996e-02 -395.571    60.834   18   22.00  0.779   -7.669   5.503  -12.977  -15.610   0.873  -1.314     3.871  -0.797    -0.195     -73.811           TiO4C16H36+2C5H12+4ClH->8C3H8+2O2C+TiCl4
61   9.729659e-02 -395.387     5.614   26   26.00  0.927    3.439   6.133   -2.499   -5.397   1.210  -0.476     2.521  -0.357    -0.195      -8.113        TiO4C16H36+8C2H6+4ClCH3->8C4H10+4OCH4+TiCl4
271  9.589482e-02 -394.699    65.468  110   21.43  0.748    6.324  -6.280   12.799    9.463   1.751  -0.868     3.730  -1.277    -0.195     -52.669       7TiO4C16H36+28ClCH3->40C3H8+8OH2+20OC+7TiCl4
70   9.523672e-02 -396.422     5.600   26   26.00  0.937   -7.518  11.964  -22.751  -26.313   1.272  -0.387     3.044  -0.367     3.269     -28.351           TiO4C16H36+8C3H8+4ClH->8C5H12+4OH2+TiCl4
86   8.549193e-02 -395.100    13.572   26   26.00  0.960   21.144   8.948    8.927    5.499   1.253  -0.344     2.877  -0.358     3.269      -4.645        TiO4C16H36+8C3H8+4ClCH3->8C5H12+4OCH4+TiCl4
85   6.706884e-02 -394.277   -15.671   26   26.00  1.071  -19.999   2.044  -21.848  -23.660   1.440  -0.699     1.480  -0.409    -0.195      -6.177        TiO4C16H36+8C3H8+4ClCH3->8C5H12+4OCH4+TiCl4
60   6.353424e-02 -393.597    60.396   20   24.00  0.765  -78.670  10.621  -89.096  -91.022   0.135  -1.122     3.845  -0.932    -0.195    -149.492            TiO4C16H36+3H2+4ClCH3->9C2H6+2O2C+TiCl4
87   6.176962e-02 -395.599   -23.644   26   26.00  1.050  -48.661   5.059  -53.525  -55.471   1.459  -0.741     1.647  -0.419    -0.195     -29.881           TiO4C16H36+8C3H8+4ClH->8C5H12+4OH2+TiCl4
72   5.514092e-02 -393.833    51.615   26   26.00  0.738  -92.267  41.880 -133.952 -138.471   0.451   0.165     4.242  -0.339    -0.195    -185.567              TiO4C16H36+8H2+4ClH->8C2H6+4OH2+TiCl4
261  4.715167e-02 -395.938    52.994   90   26.00  0.776   58.999 -32.427   91.621   89.262   2.754  -1.557     2.799  -1.637    -0.195      38.627      5TiO4C16H36+20ClCH3->24H2+16C5H12+20OC+5TiCl4
283  4.395409e-02 -394.253    63.226  134   24.86  0.761  -50.943  -4.066  -46.682  -47.702   0.311  -1.763     3.608  -1.136    -0.195    -109.908     7TiO4C16H36+12OH2+28ClCH3->60C2H6+20O2C+7TiCl4
71   4.291277e-02 -395.211    53.437   22   26.00  0.806  -18.087   3.796  -20.659  -22.825   0.932  -1.398     3.441  -0.809    -1.224     -74.096          TiO4C16H36+4C4H10+4ClH->10C3H8+2O2C+TiCl4
263  3.783517e-02 -397.440    60.502   90   26.00  0.734  101.631 -30.247  132.073  128.921   3.344  -1.644     2.965  -1.513    -0.195      71.571        5TiO4C16H36+20ClH->28H2+12C5H12+20OC+5TiCl4
56   3.638914e-02 -396.057    81.522   16   22.00  0.722   54.045  -2.044   56.284   52.000   2.492  -0.966     3.928  -1.170    -0.195     -25.238              TiO4C16H36+4ClH->6C2H6+OCH4+3OC+TiCl4
73   3.616071e-02 -392.511    59.588   26   26.00  0.767  -63.605  38.864 -102.274 -106.660   0.432   0.208     4.075  -0.329    -0.195    -161.862           TiO4C16H36+8H2+4ClCH3->8C2H6+4OCH4+TiCl4
84   3.297585e-02 -395.008    58.207   22   26.00  0.829   -9.754   5.122  -14.681  -17.137   0.911  -1.339     3.688  -0.804    -0.195     -72.888          TiO4C16H36+4C4H10+4ClH->10C3H8+2O2C+TiCl4
265  2.939478e-02 -396.267    64.691   90   26.00  0.752   75.457 -29.665  103.931  100.926   2.679  -1.415     3.358  -1.617     1.191      39.240      5TiO4C16H36+20ClCH3->24H2+16C5H12+20OC+5TiCl4
257  2.923567e-02 -396.087    81.970   82   22.80  0.724   42.529  -3.365   46.089   41.913   2.439  -0.997     3.993  -1.259    -0.195     -35.881         5TiO4C16H36+20ClH->32C2H6+4OH2+16OC+5TiCl4
81   2.831998e-02 -396.323    64.750   18   26.00  0.765   58.651 -28.031   86.877   84.011   2.599  -1.423     3.309  -1.619    -0.195      22.127            TiO4C16H36+4ClCH3->4H2+4C4H10+4OC+TiCl4
92   2.694090e-02 -393.575    12.923   30   30.00  0.810  -13.919  11.902  -25.626  -29.118   0.757  -0.181     3.324  -0.408    -0.195     -38.549         TiO4C16H36+10CH4+4ClCH3->10C3H8+4OH2+TiCl4
264  2.525302e-02 -397.687    69.275   90   26.00  0.720  113.974 -28.176  141.305  137.668   3.288  -1.538     3.385  -1.498     0.845      72.030        5TiO4C16H36+20ClH->28H2+12C5H12+20OC+5TiCl4
78   2.471038e-02 -397.728    69.319   18   26.00  0.727  101.369 -26.950  128.514  124.981   3.228  -1.544     3.348  -1.499    -0.195      59.195              TiO4C16H36+4ClH->5H2+3C4H10+4OC+TiCl4
103  2.394560e-02 -395.154    -1.751   30   30.00  0.887  -38.730   7.290  -48.398  -51.302   0.646  -0.336     3.071  -0.477     2.378     -46.647       TiO4C16H36+10C2H6+4ClCH3->10C4H10+4OH2+TiCl4
77   2.359362e-02 -396.119    69.519   18   26.00  0.740   66.983 -26.706   92.854   89.697   2.579  -1.364     3.556  -1.614     0.835      23.335            TiO4C16H36+4ClCH3->4H2+4C4H10+4OC+TiCl4
76   2.113797e-02 -397.576    72.896   18   26.00  0.712  107.619 -25.956  132.998  129.247   3.213  -1.500     3.533  -1.495     0.577      60.102              TiO4C16H36+4ClH->5H2+3C4H10+4OC+TiCl4
269  1.921300e-02 -394.249    60.881  106   27.60  0.775  -87.708  -6.324  -81.189  -81.641  -0.042  -1.920     3.707  -1.293    -0.195    -142.070    5TiO4C16H36+12OCH4+20ClCH3->48C2H6+16O2C+5TiCl4
93   1.889439e-02 -393.106    23.182   26   30.00  0.900 -105.036  -9.411  -95.430  -95.521  -0.370  -1.325     2.913  -1.127    -0.195    -118.612         TiO4C16H36+10ClCH3->6C4H10+2O2C+TiCl4+6ClH
100  1.820911e-02 -392.801    30.336   26   30.00  0.851  -92.537  -7.423  -86.463  -86.989  -0.401  -1.237     3.283  -1.119     1.349    -116.799         TiO4C16H36+10ClCH3->6C4H10+2O2C+TiCl4+6ClH
94   1.712548e-02 -395.663   -13.675   30   30.00  1.012  -59.561   3.977  -63.343  -65.524   0.698  -0.483     2.455  -0.489    -0.195     -49.668       TiO4C16H36+10C2H6+4ClCH3->10C4H10+4OH2+TiCl4
98   1.669678e-02 -395.305    -3.727   30   30.00  1.060  -37.429   7.495  -49.059  -51.903   0.751  -0.318     2.901  -0.490     4.135     -45.332       TiO4C16H36+10C3H8+4ClCH3->10C5H12+4OH2+TiCl4
83   1.632253e-02 -395.289    75.845   18   26.00  0.744   -0.567 -16.161   15.789   13.050   2.194  -1.259     3.459  -1.655    -0.195     -60.056           TiO4C16H36+4ClCH3->6CH4+2C5H12+4OC+TiCl4
232  1.489329e-02 -395.463    77.338   54   26.00  0.745   52.509 -21.721   74.425   71.185   2.444  -1.269     3.671  -1.606    -0.195      -2.913        3TiO4C16H36+12ClCH3->8H2+16C3H8+12OC+3TiCl4
75   1.483194e-02 -397.083    78.760   18   26.00  0.715   96.763 -22.218  119.176  115.363   3.112  -1.429     3.619  -1.489    -0.195      40.416               TiO4C16H36+4ClH->4H2+4C3H8+4OC+TiCl4
231  1.187441e-02 -395.618    81.144   54   26.00  0.742    5.819 -15.038   21.052   18.016   2.153  -1.203     3.726  -1.640    -0.195     -60.092      3TiO4C16H36+12ClCH3->16CH4+8C4H10+12OC+3TiCl4
67   1.064163e-02 -395.495    83.156   18   26.00  0.735    9.719 -14.435   23.483   20.340   2.147  -1.170     3.808  -1.642     0.671     -59.673           TiO4C16H36+4ClCH3->6CH4+2C5H12+4OC+TiCl4
91   1.019097e-02 -392.068    53.793   30   30.00  0.775 -143.366  44.890 -188.061 -192.100  -0.275   0.372     4.397  -0.455    -0.195    -241.854          TiO4C16H36+10H2+4ClCH3->10C2H6+4OH2+TiCl4
229  9.998255e-03 -395.482    84.323   54   26.00  0.730   11.374 -14.154   25.036   21.807   2.139  -1.163     3.890  -1.637     0.492     -59.287      3TiO4C16H36+12ClCH3->16CH4+8C4H10+12OC+3TiCl4
88   8.746216e-03 -396.683    87.162   18   26.00  0.710   32.137 -11.270   43.602   40.005   2.691  -1.296     3.735  -1.533    -0.195     -43.560              TiO4C16H36+4ClH->7CH4+C5H12+4OC+TiCl4
63   8.542596e-03 -395.149    86.486   18   26.00  0.735   14.421 -13.553   28.169   24.896   2.148  -1.143     3.893  -1.625    -0.195     -58.317            TiO4C16H36+4ClCH3->4CH4+4C3H8+4OC+TiCl4
228  7.309022e-03 -396.847    89.811   54   26.00  0.709   35.330 -10.709   46.234   42.490   2.671  -1.269     3.868  -1.526    -0.195     -43.577        3TiO4C16H36+12ClH->20CH4+4C4H10+12OC+3TiCl4
74   7.173190e-03 -396.650    89.559   18   26.00  0.722   76.228 -14.676   91.099   87.008   2.937  -1.288     3.931  -1.489    -0.195       1.540               TiO4C16H36+4ClH->2H2+6C2H6+4OC+TiCl4
64   6.848888e-03 -396.786    90.817   18   26.00  0.707   37.280 -10.407   47.449   43.650   2.668  -1.252     3.910  -1.527     0.238     -43.368              TiO4C16H36+4ClH->7CH4+C5H12+4OC+TiCl4
101  6.809063e-03 -394.275   -40.281   30   30.00  1.214  -88.859  -1.135  -87.529  -88.351   0.984  -0.761     1.154  -0.555    -0.195     -47.248       TiO4C16H36+10C3H8+4ClCH3->10C5H12+4OH2+TiCl4
230  6.589840e-03 -396.779    91.401   54   26.00  0.706   38.107 -10.267   48.225   44.383   2.664  -1.249     3.951  -1.524     0.149     -43.176        3TiO4C16H36+12ClH->20CH4+4C4H10+12OC+3TiCl4
65   6.082330e-03 -396.613    92.482   18   26.00  0.707   39.631  -9.967   49.793   45.929   2.668  -1.238     3.952  -1.518    -0.195     -42.689              TiO4C16H36+4ClH->6CH4+2C3H8+4OC+TiCl4
79   5.611086e-03 -394.885    91.737   18   26.00  0.756   25.129 -11.665   36.989   33.379   2.210  -1.081     4.086  -1.605    -0.195     -54.748                 TiO4C16H36+4ClCH3->8C2H6+4OC+TiCl4
69   4.965497e-03 -396.481    95.108   18   26.00  0.711   44.985  -9.023   54.203   50.171   2.699  -1.208     4.049  -1.508    -0.195     -40.905              TiO4C16H36+4ClH->4CH4+4C2H6+4OC+TiCl4
241  1.090010e-03 -396.074   100.828   62   28.67  0.757   55.258  -7.176   63.206   58.864   2.741  -1.149     4.234  -1.484    -0.772     -37.622       3TiO4C16H36+4C5H12+12ClH->28C2H6+12OC+3TiCl4
240  7.291615e-04 -396.211   105.702   62   28.67  0.761   62.115  -6.026   68.336   63.724   2.710  -1.090     4.467  -1.475    -0.195     -37.366       3TiO4C16H36+4C5H12+12ClH->28C2H6+12OC+3TiCl4
99   6.292197e-04 -396.033   100.668   22   30.00  0.763   55.301  -7.156   63.166   58.848   2.752  -1.146     4.196  -1.484    -0.709     -37.502           TiO4C16H36+2C4H10+4ClH->10C2H6+4OC+TiCl4
95   5.127784e-04 -395.931   103.053   22   30.00  0.769   59.467  -6.494   66.156   61.694   2.742  -1.117     4.319  -1.482    -0.195     -36.897           TiO4C16H36+2C4H10+4ClH->10C2H6+4OC+TiCl4
119  1.221913e-04 -398.076    98.479   26   34.00  0.724   64.840  -6.380   71.415   66.962   3.188  -1.334     4.011  -1.412    -0.195     -27.064             TiO4C16H36+8ClH->8CH4+4OC+TiCl4+4ClCH3
137  4.628014e-07 -397.514   134.772   26   38.00  0.709  101.918 -22.829  124.942  119.315   4.418  -1.047     4.467  -2.211    -0.195      -9.830              TiO4C16H36+2O2C+4ClH->10CH4+8OC+TiCl4




---------------------------------------------------------------------
10 reactions with the worst weights:
---------------------------------------------------------------------
           weight      dfH  drE_corr  dn  n+|dn|      u      drH    ddrH      drE  drE_CBS  drE_CV  drE_IT  drE_TPNO  drE_SR  ddrHconf  drE_HF_CBS                                      reaction
137  4.628014e-07 -397.514   134.772  26   38.00  0.709  101.918 -22.829  124.942  119.315   4.418  -1.047     4.467  -2.211    -0.195      -9.830         TiO4C16H36+2O2C+4ClH->10CH4+8OC+TiCl4
119  1.221913e-04 -398.076    98.479  26   34.00  0.724   64.840  -6.380   71.415   66.962   3.188  -1.334     4.011  -1.412    -0.195     -27.064        TiO4C16H36+8ClH->8CH4+4OC+TiCl4+4ClCH3
95   5.127784e-04 -395.931   103.053  22   30.00  0.769   59.467  -6.494   66.156   61.694   2.742  -1.117     4.319  -1.482    -0.195     -36.897      TiO4C16H36+2C4H10+4ClH->10C2H6+4OC+TiCl4
99   6.292197e-04 -396.033   100.668  22   30.00  0.763   55.301  -7.156   63.166   58.848   2.752  -1.146     4.196  -1.484    -0.709     -37.502      TiO4C16H36+2C4H10+4ClH->10C2H6+4OC+TiCl4
240  7.291615e-04 -396.211   105.702  62   28.67  0.761   62.115  -6.026   68.336   63.724   2.710  -1.090     4.467  -1.475    -0.195     -37.366  3TiO4C16H36+4C5H12+12ClH->28C2H6+12OC+3TiCl4
241  1.090010e-03 -396.074   100.828  62   28.67  0.757   55.258  -7.176   63.206   58.864   2.741  -1.149     4.234  -1.484    -0.772     -37.622  3TiO4C16H36+4C5H12+12ClH->28C2H6+12OC+3TiCl4
69   4.965497e-03 -396.481    95.108  18   26.00  0.711   44.985  -9.023   54.203   50.171   2.699  -1.208     4.049  -1.508    -0.195     -40.905         TiO4C16H36+4ClH->4CH4+4C2H6+4OC+TiCl4
79   5.611086e-03 -394.885    91.737  18   26.00  0.756   25.129 -11.665   36.989   33.379   2.210  -1.081     4.086  -1.605    -0.195     -54.748            TiO4C16H36+4ClCH3->8C2H6+4OC+TiCl4
65   6.082330e-03 -396.613    92.482  18   26.00  0.707   39.631  -9.967   49.793   45.929   2.668  -1.238     3.952  -1.518    -0.195     -42.689         TiO4C16H36+4ClH->6CH4+2C3H8+4OC+TiCl4
230  6.589840e-03 -396.779    91.401  54   26.00  0.706   38.107 -10.267   48.225   44.383   2.664  -1.249     3.951  -1.524     0.149     -43.176   3TiO4C16H36+12ClH->20CH4+4C4H10+12OC+3TiCl4




---------------------------------------------------------------------
10 reactions with the worst dHf:
---------------------------------------------------------------------
           weight      dfH  drE_corr  dn  n+|dn|      u      drH    ddrH      drE  drE_CBS  drE_CV  drE_IT  drE_TPNO  drE_SR  ddrHconf  drE_HF_CBS                                     reaction
119  1.221913e-04 -398.076    98.479  26    34.0  0.724   64.840  -6.380   71.415   66.962   3.188  -1.334     4.011  -1.412    -0.195     -27.064       TiO4C16H36+8ClH->8CH4+4OC+TiCl4+4ClCH3
78   2.471038e-02 -397.728    69.319  18    26.0  0.727  101.369 -26.950  128.514  124.981   3.228  -1.544     3.348  -1.499    -0.195      59.195        TiO4C16H36+4ClH->5H2+3C4H10+4OC+TiCl4
264  2.525302e-02 -397.687    69.275  90    26.0  0.720  113.974 -28.176  141.305  137.668   3.288  -1.538     3.385  -1.498     0.845      72.030  5TiO4C16H36+20ClH->28H2+12C5H12+20OC+5TiCl4
76   2.113797e-02 -397.576    72.896  18    26.0  0.712  107.619 -25.956  132.998  129.247   3.213  -1.500     3.533  -1.495     0.577      60.102        TiO4C16H36+4ClH->5H2+3C4H10+4OC+TiCl4
137  4.628014e-07 -397.514   134.772  26    38.0  0.709  101.918 -22.829  124.942  119.315   4.418  -1.047     4.467  -2.211    -0.195      -9.830        TiO4C16H36+2O2C+4ClH->10CH4+8OC+TiCl4
263  3.783517e-02 -397.440    60.502  90    26.0  0.734  101.631 -30.247  132.073  128.921   3.344  -1.644     2.965  -1.513    -0.195      71.571  5TiO4C16H36+20ClH->28H2+12C5H12+20OC+5TiCl4
75   1.483194e-02 -397.083    78.760  18    26.0  0.715   96.763 -22.218  119.176  115.363   3.112  -1.429     3.619  -1.489    -0.195      40.416         TiO4C16H36+4ClH->4H2+4C3H8+4OC+TiCl4
228  7.309022e-03 -396.847    89.811  54    26.0  0.709   35.330 -10.709   46.234   42.490   2.671  -1.269     3.868  -1.526    -0.195     -43.577  3TiO4C16H36+12ClH->20CH4+4C4H10+12OC+3TiCl4
64   6.848888e-03 -396.786    90.817  18    26.0  0.707   37.280 -10.407   47.449   43.650   2.668  -1.252     3.910  -1.527     0.238     -43.368        TiO4C16H36+4ClH->7CH4+C5H12+4OC+TiCl4
230  6.589840e-03 -396.779    91.401  54    26.0  0.706   38.107 -10.267   48.225   44.383   2.664  -1.249     3.951  -1.524     0.149     -43.176  3TiO4C16H36+12ClH->20CH4+4C4H10+12OC+3TiCl4
