---------------------------------------------------------------------
Results for m1_00_TiOtBu4-PBE0-D3-TZ_TiO2.all 

Average dfH = -392.52 

Uncertainty = 5.2
Computational contribution = 0.96
Experimental contribution = 5.11
---------------------------------------------------------------------
Number of reactions with all coeficients ≤  10 : 91  of  130
Parameters:
h1 = 6.96 
h2 = 23.43 

Summ of all weights = 31.93
---------------------------------------------------------------------
Average values and MSE of reaction characteristics:

                      Mean       St dev
          dfH      -392.52         0.48
     drE_corr         4.45        12.52
    n+dn_priv        13.42         1.97
          drH       129.58        25.27
         ddrH         1.51         8.95
          drE       127.73        31.69
      drE_CBS       131.76        31.63
       drE_IT        -1.99         0.31
       drE_CV        -0.86         0.43
       drE_SR        -3.45         0.24
   drE_HF_CBS       123.29        28.76
     ddrHconf         0.34         0.65
          u/2         2.55         0.00


---------------------------------------------------------------------
91 reactions with the best weights:
---------------------------------------------------------------------
           weight      dfH  drE_corr  dn  n+|dn|      u      drH    ddrH      drE  drE_CBS  drE_CV  drE_IT  drE_TPNO  drE_SR  ddrHconf  drE_HF_CBS                                 reaction
1    1.000000e+00 -392.646     1.061   6   10.00  5.104  122.882  -0.945  122.723  127.330  -1.164  -2.228     2.238  -3.453     1.104     121.662              TiO4C16H36->3C5H12+O2C+TiO2
83   9.536567e-01 -392.698     1.116  30   11.50  5.106  107.126   0.587  106.734  111.469  -1.238  -2.235     2.192  -3.454    -0.195     105.618      4TiO4C16H36+3H2->15C4H10+4O2C+4TiO2
100  9.409806e-01 -392.016     2.347  48   11.60  5.104  127.269  14.302  111.949  115.288  -1.045  -1.542     2.399  -3.151     1.018     109.602   5TiO4C16H36+14H2->14C5H12+10OCH4+5TiO2
101  9.303486e-01 -392.559     3.364  34   11.60  5.106  143.925  -5.800  149.920  154.095  -0.357  -2.117     1.914  -3.615    -0.195     146.556     5TiO4C16H36->14C5H12+3OCH4+7OC+5TiO2
3    9.151333e-01 -392.830    -1.958   8   12.00  5.107  117.032  -1.849  119.076  123.843  -1.154  -2.277     2.114  -3.450    -0.195     121.034          TiO4C16H36+CH4->4C4H10+O2C+TiO2
2    9.098020e-01 -392.627     2.811   8   12.00  5.103  125.365  -0.524  125.054  129.531  -1.175  -2.218     2.361  -3.445     0.835     122.243          TiO4C16H36+CH4->4C4H10+O2C+TiO2
86   9.040547e-01 -392.507     5.587  30   11.50  5.103  114.938   1.830  112.338  116.801  -1.258  -2.180     2.424  -3.449     0.770     106.751      4TiO4C16H36+3H2->15C4H10+4O2C+4TiO2
104  8.646759e-01 -391.968    -3.931  52   12.40  5.105   93.679  15.065   77.423   81.010  -1.340  -1.501     2.469  -3.215     1.191      81.354    5TiO4C16H36+16H2->16C5H12+10OH2+5TiO2
98   8.476307e-01 -391.728    -7.888  48   11.60  5.107  112.869  11.885  101.179  105.083  -0.979  -1.666     1.910  -3.169    -0.195     109.067   5TiO4C16H36+14H2->14C5H12+10OCH4+5TiO2
0    8.370528e-01 -392.337    -9.906   6   10.00  5.107  107.453  -3.534  111.182  116.395  -1.094  -2.361     1.714  -3.472    -0.195     121.088              TiO4C16H36->3C5H12+O2C+TiO2
44   8.290895e-01 -392.739     1.421  18   13.00  5.104  122.786  -0.990  122.813  127.362  -1.189  -2.233     2.324  -3.451     0.963     121.392     2TiO4C16H36+3C2H6->9C4H10+2O2C+2TiO2
45   8.231441e-01 -392.065     2.399  22   13.00  5.105  112.563  15.732   97.026  100.485  -1.114  -1.549     2.356  -3.152    -0.195      94.627      2TiO4C16H36+7H2->7C4H10+4OCH4+2TiO2
46   8.073151e-01 -392.968    -3.944  18   13.00  5.109  113.412  -2.481  116.088  120.962  -1.165  -2.299     2.047  -3.457    -0.195     120.032     2TiO4C16H36+3C2H6->9C4H10+2O2C+2TiO2
40   7.694874e-01 -391.887     6.572  22   13.00  5.103  119.855  16.891  102.258  105.464  -1.132  -1.498     2.572  -3.148     0.706      95.686      2TiO4C16H36+7H2->7C4H10+4OCH4+2TiO2
47   7.306692e-01 -392.467    -8.424  22   13.00  5.106  165.616   5.417  158.878  162.298  -0.735  -1.685     2.136  -3.136     1.321     167.302     2TiO4C16H36+7CH4->7C5H12+4OCH4+2TiO2
8    7.194030e-01 -391.820     0.897  12   14.00  5.103   85.206  18.024   66.347   69.783  -1.440  -1.451     2.667  -3.212     0.835      65.450         TiO4C16H36+4H2->4C4H10+2OH2+TiO2
6    6.999517e-01 -392.023    -3.872  12   14.00  5.107   76.873  16.699   60.369   64.095  -1.419  -1.510     2.420  -3.217    -0.195      64.241         TiO4C16H36+4H2->4C4H10+2OH2+TiO2
106  6.980900e-01 -393.030    11.530  36   12.40  5.105  137.009  -5.485  142.689  146.891  -0.630  -2.210     2.294  -3.656    -0.195     131.159      5TiO4C16H36->18C4H10+2O2C+6OC+5TiO2
102  6.786447e-01 -392.847    13.599  34   11.60  5.104  158.326  -3.384  160.692  164.301  -0.422  -1.993     2.403  -3.597     1.018     147.093     5TiO4C16H36->14C5H12+3OCH4+7OC+5TiO2
110  6.369244e-01 -392.915     8.186  40   14.00  5.106  157.235 -13.380  170.810  175.100  -0.090  -2.310     1.916  -3.806    -0.195     162.624      5TiO4C16H36->6H2+14C5H12+10OC+5TiO2
105  5.693241e-01 -391.638   -15.628  52   12.40  5.108   77.222  12.303   65.114   69.347  -1.265  -1.643     1.910  -3.235    -0.195      80.742    5TiO4C16H36+16H2->16C5H12+10OH2+5TiO2
107  5.643569e-01 -392.847    15.822  36   12.40  5.102  144.508  -4.292  148.068  152.009  -0.649  -2.157     2.516  -3.651     0.732     132.246      5TiO4C16H36->18C4H10+2O2C+6OC+5TiO2
16   5.316413e-01 -391.892    12.917  10   14.00  5.103  101.369   6.503   95.061   99.446  -1.384  -2.091     2.532  -3.442    -0.195      82.144           TiO4C16H36+2H2->5C3H8+O2C+TiO2
89   5.169806e-01 -392.445    -6.382  40   15.33  5.105  168.513   5.909  161.598  164.867  -0.748  -1.673     2.279  -3.127     1.006     167.980   3TiO4C16H36+14CH4->14C4H10+6OCH4+3TiO2
118  5.148475e-01 -393.115    15.990  68   13.11  5.105  148.035  -6.619  154.849  158.682  -0.358  -2.117     2.368  -3.726    -0.195     138.859     9TiO4C16H36->32C4H10+2OH2+16OC+9TiO2
97   5.076883e-01 -393.104    16.464  30   13.00  5.105  151.385  -6.375  157.955  161.753  -0.336  -2.113     2.361  -3.710    -0.195     141.491      4TiO4C16H36->14C4H10+OCH4+7OC+4TiO2
48   5.063453e-01 -392.753    13.899  16   14.00  5.105  142.344  -9.313  151.852  156.048  -0.230  -2.236     2.081  -3.811    -0.195     137.953       2TiO4C16H36->3CH4+5C5H12+4OC+2TiO2
20   4.745968e-01 -392.877     1.189  12   16.00  5.108  123.080  -0.974  122.705  127.216  -1.182  -2.234     2.359  -3.454     1.349     121.516        TiO4C16H36+3C3H8->6C4H10+O2C+TiO2
18   4.455954e-01 -392.127     6.056  12   16.00  5.105  129.935   0.377  129.753  134.164  -1.162  -2.186     2.365  -3.428    -0.195     123.697          TiO4C16H36+3CH4->6C3H8+O2C+TiO2
14   4.447297e-01 -392.483   -16.241  12   14.00  5.108  137.505   4.911  131.057  134.736  -0.985  -1.665     2.169  -3.198     1.537     147.298        TiO4C16H36+4CH4->4C5H12+2OH2+TiO2
19   4.445662e-01 -393.182    -5.965  12   16.00  5.116  110.581  -2.962  113.738  118.683  -1.151  -2.322     1.989  -3.461    -0.195     119.703        TiO4C16H36+3C3H8->6C4H10+O2C+TiO2
85   4.285016e-01 -392.682   -11.946  40   15.33  5.110  158.791   4.362  154.624  158.231  -0.724  -1.742     1.992  -3.133    -0.195     166.570   3TiO4C16H36+14CH4->14C4H10+6OCH4+3TiO2
111  4.036003e-01 -392.329    15.438  48   14.80  5.103  119.751  -3.401  123.347  128.351  -1.269  -2.532     2.382  -3.585    -0.195     107.909      5TiO4C16H36+6OH2->24C3H8+8O2C+5TiO2
11   4.024968e-01 -392.652    17.872   8   14.00  5.104  148.768  -8.189  157.152  161.131  -0.226  -2.192     2.237  -3.798    -0.195     139.280        TiO4C16H36->2C2H6+2C5H12+2OC+TiO2
81   4.015261e-01 -391.312    13.413  40   15.33  5.103  107.190  21.253   86.132   89.264  -1.250  -1.414     2.673  -3.141    -0.195      72.719     3TiO4C16H36+14H2->14C3H8+6OCH4+3TiO2
84   3.997811e-01 -392.823   -13.430  40   15.33  5.112  156.627   3.802  150.999  154.690  -0.771  -1.736     1.974  -3.158     1.826     164.429  3TiO4C16H36+14C2H6->14C5H12+6OCH4+3TiO2
119  3.896741e-01 -392.935    20.230  68   13.11  5.102  155.442  -5.440  160.162  163.737  -0.376  -2.065     2.588  -3.722     0.720     139.932     9TiO4C16H36->32C4H10+2OH2+16OC+9TiO2
109  3.881247e-01 -393.203    18.422  40   14.00  5.104  171.636 -10.963  181.581  185.306  -0.156  -2.186     2.405  -3.788     1.018     163.159      5TiO4C16H36->6H2+14C5H12+10OC+5TiO2
49   3.866452e-01 -393.252    18.473  16   14.00  5.105  156.930  -9.533  166.658  170.504  -0.225  -2.193     2.362  -3.790    -0.195     148.185         2TiO4C16H36->H2+7C4H10+4OC+2TiO2
96   3.833818e-01 -392.926    20.637  30   13.00  5.102  158.676  -5.215  163.185  166.729  -0.354  -2.061     2.577  -3.706     0.706     142.548      4TiO4C16H36->14C4H10+OCH4+7OC+4TiO2
42   3.656229e-01 -392.107   -21.218  22   13.00  5.110  147.616   2.396  145.415  149.542  -0.653  -1.840     1.525  -3.159    -0.195     166.633     2TiO4C16H36+7CH4->7C5H12+4OCH4+2TiO2
108  3.577887e-01 -392.326    12.545  42   16.00  5.104   97.003  -4.560  101.758  107.083  -1.484  -2.599     2.426  -3.668    -0.195      89.213     4TiO4C16H36+6OCH4->21C3H8+7O2C+4TiO2
92   3.485908e-01 -391.163     8.716  44   16.67  5.104   70.732  23.009   47.918   51.270  -1.574  -1.356     2.782  -3.204    -0.195      39.202      3TiO4C16H36+16H2->16C3H8+6OH2+3TiO2
78   3.342759e-01 -393.164    20.522  24   14.00  5.105  150.326  -7.909  158.430  162.256  -0.281  -2.166     2.414  -3.793    -0.195     137.908      3TiO4C16H36->2CH4+10C4H10+6OC+3TiO2
13   3.019254e-01 -393.072    21.846   8   14.00  5.104  152.740  -7.488  160.423  164.177  -0.274  -2.151     2.459  -3.788    -0.195     138.577         TiO4C16H36->C2H6+3C4H10+2OC+TiO2
10   3.013450e-01 -392.648    21.880   8   14.00  5.102  153.585  -7.358  161.138  164.934  -0.264  -2.149     2.406  -3.789    -0.195     139.258         TiO4C16H36->3C3H8+C5H12+2OC+TiO2
51   2.831932e-01 -393.074    22.646  16   14.00  5.102  164.222  -8.374  171.890  175.482  -0.243  -2.142     2.578  -3.785     0.706     149.244         2TiO4C16H36->H2+7C4H10+4OC+2TiO2
95   2.813488e-01 -392.457   -13.907  44   16.67  5.105  140.815   5.473  134.164  137.672  -1.001  -1.652     2.333  -3.188     1.178     148.071    3TiO4C16H36+16CH4->16C4H10+6OH2+3TiO2
52   2.739971e-01 -393.010    23.038  16   14.00  5.103  155.201  -7.156  161.469  165.160  -0.288  -2.125     2.517  -3.795     0.888     138.431       2TiO4C16H36->3CH4+5C5H12+4OC+2TiO2
5    2.705500e-01 -392.929    23.193   8   14.00  5.102  154.627  -7.167  161.989  165.695  -0.283  -2.136     2.498  -3.785    -0.195     138.796        TiO4C16H36->2C3H8+2C4H10+2OC+TiO2
77   2.415752e-01 -392.994    24.497  24   14.00  5.102  157.270  -6.805  163.412  166.996  -0.298  -2.117     2.619  -3.788     0.663     138.915      3TiO4C16H36->2CH4+10C4H10+6OC+3TiO2
12   2.270346e-01 -392.858    25.183   8   14.00  5.102  159.054  -6.463  164.846  168.420  -0.273  -2.103     2.587  -3.785     0.671     139.663        TiO4C16H36->2C2H6+2C5H12+2OC+TiO2
4    2.220671e-01 -392.920    25.423   8   14.00  5.102  158.990  -6.494  164.907  168.443  -0.289  -2.107     2.644  -3.784     0.577     139.484         TiO4C16H36->C2H6+3C4H10+2OC+TiO2
9    2.197704e-01 -392.751    25.535   8   14.00  5.102  158.728  -6.495  164.985  168.578  -0.288  -2.104     2.581  -3.782     0.238     139.450         TiO4C16H36->3C3H8+C5H12+2OC+TiO2
7    2.189782e-01 -392.828    25.578   8   14.00  5.101  158.794  -6.504  164.978  168.540  -0.294  -2.106     2.621  -3.783     0.320     139.400        TiO4C16H36->2C3H8+2C4H10+2OC+TiO2
93   1.888641e-01 -392.728   -20.266  44   16.67  5.112  129.705   3.706  126.194  130.088  -0.973  -1.730     2.004  -3.195    -0.195     146.460    3TiO4C16H36+16CH4->16C4H10+6OH2+3TiO2
94   1.655062e-01 -392.889   -21.962  44   16.67  5.116  127.231   3.065  122.051  126.041  -1.027  -1.724     1.984  -3.223     2.115     144.013   3TiO4C16H36+16C2H6->16C5H12+6OH2+3TiO2
23   1.425066e-01 -393.287    18.510  12   18.00  5.117  146.427  -8.512  155.999  159.933  -0.275  -2.199     2.331  -3.791    -1.060     137.489       TiO4C16H36+2C5H12->6C4H10+2OC+TiO2
15   1.265871e-01 -392.071   -30.863  12   14.00  5.113  116.933   1.459  115.669  120.157  -0.892  -1.842     1.470  -3.224    -0.195     146.532        TiO4C16H36+4CH4->4C5H12+2OH2+TiO2
32   1.254498e-01 -391.862    -2.597  18   20.00  5.107  173.845   6.960  167.080  170.272  -0.732  -1.637     2.284  -3.107    -0.195     169.677        TiO4C16H36+7CH4->7C3H8+2OCH4+TiO2
17   1.238867e-01 -392.578    27.200  10   16.00  5.103  161.079  -6.054  167.328  170.857  -0.287  -2.091     2.623  -3.774    -0.195     140.128           TiO4C16H36+CH4->5C3H8+2OC+TiO2
82   1.143427e-01 -392.499    29.487  28   15.33  5.103  151.557  -4.012  155.764  159.284  -0.361  -2.059     2.679  -3.779    -0.195     126.277        3TiO4C16H36+2H2->14C3H8+6OC+3TiO2
87   1.018187e-01 -392.342   -30.488  40   15.33  5.120  132.626  -0.226  133.047  137.681  -0.662  -1.943     1.159  -3.188    -0.195     163.535  3TiO4C16H36+14C2H6->14C5H12+6OCH4+3TiO2
30   9.370757e-02 -392.967   -12.869  18   20.00  5.113  156.477   3.731  151.140  154.742  -0.810  -1.745     2.108  -3.155     1.606     164.009      TiO4C16H36+7C2H6->7C4H10+2OCH4+TiO2
27   8.697842e-02 -393.072   -14.251  18   20.00  5.129  157.387   3.875  150.676  154.323  -0.737  -1.733     1.988  -3.165     2.836     164.927      TiO4C16H36+7C3H8->7C5H12+2OCH4+TiO2
24   8.042068e-02 -392.982    25.664  12   18.00  5.108  158.926  -6.524  164.967  168.465  -0.306  -2.110     2.701  -3.783     0.483     139.303       TiO4C16H36+2C5H12->6C4H10+2OC+TiO2
22   7.893590e-02 -393.492    25.821  12   18.00  5.118  156.712  -6.786  163.693  167.221  -0.321  -2.110     2.681  -3.778    -0.195     137.872       TiO4C16H36+2C5H12->6C4H10+2OC+TiO2
21   7.883933e-02 -392.644    25.888  12   18.00  5.105  158.402  -6.526  165.123  168.735  -0.302  -2.106     2.575  -3.779    -0.195     139.235         TiO4C16H36+2C2H6->6C3H8+2OC+TiO2
116  7.499643e-02 -392.690    32.455  64   15.71  5.103  163.103  -7.872  171.170  174.714  -0.188  -2.159     2.664  -3.861    -0.195     138.715      7TiO4C16H36+2OH2->32C3H8+16OC+7TiO2
90   7.241133e-02 -392.697    32.166  28   16.00  5.103  158.951  -8.223  167.369  170.953  -0.213  -2.166     2.680  -3.885    -0.195     135.203       3TiO4C16H36+OCH4->14C3H8+7OC+3TiO2
31   5.555271e-02 -393.323   -21.215  18   20.00  5.125  141.895   1.412  140.678  144.788  -0.774  -1.848     1.676  -3.164    -0.195     161.893      TiO4C16H36+7C2H6->7C4H10+2OCH4+TiO2
68   5.278111e-02 -391.350    26.416  30   19.00  5.105   75.700  15.930   59.965   64.003  -1.603  -1.915     2.921  -3.441    -0.195      33.549       2TiO4C16H36+9H2->15C2H6+2O2C+2TiO2
33   5.066920e-02 -392.325     2.118  18   22.00  5.113  121.904  -1.039  123.138  127.801  -1.208  -2.232     2.220  -3.443    -0.195     121.020         TiO4C16H36+6C2H6->9C3H8+O2C+TiO2
38   4.328678e-02 -391.791    -9.581  20   22.00  5.109  146.909   6.674  140.430  143.850  -0.983  -1.610     2.338  -3.165    -0.195     150.011         TiO4C16H36+8CH4->8C3H8+2OH2+TiO2
28   3.707278e-02 -390.807    26.012  18   20.00  5.104   83.232  30.051   53.376   56.185  -1.455  -1.250     3.036  -3.140    -0.195      27.364         TiO4C16H36+7H2->7C2H6+2OCH4+TiO2
25   3.680324e-02 -393.188    32.975  12   18.00  5.110  169.212  -4.798  172.661  175.756  -0.353  -2.022     3.051  -3.771     1.349     139.686       TiO4C16H36+2C5H12->6C4H10+2OC+TiO2
55   2.710399e-02 -392.803    37.773  20   17.00  5.103  176.651  -9.269  186.115  189.202   0.151  -2.043     2.752  -3.947    -0.195     148.342         2TiO4C16H36+O2C->9C3H8+6OC+2TiO2
35   2.228448e-02 -393.054   -21.321  20   22.00  5.117  127.060   2.984  122.212  126.102  -1.072  -1.734     2.136  -3.220     1.864     143.533       TiO4C16H36+8C2H6->8C4H10+2OH2+TiO2
127  2.035465e-02 -392.333    30.661  96   20.29  5.104  117.290  -6.100  123.585  128.981  -1.339  -2.875     2.566  -3.748    -0.195      92.924    7TiO4C16H36+18OH2->48C2H6+16O2C+7TiO2
37   1.946131e-02 -393.175   -22.901  20   22.00  5.138  128.101   3.148  121.684  125.623  -0.988  -1.720     2.000  -3.231     3.269     144.585       TiO4C16H36+8C3H8->8C5H12+2OH2+TiO2
34   1.936327e-02 -390.585    23.115  20   22.00  5.105   43.351  33.065   10.481   13.463  -1.808  -1.168     3.197  -3.203    -0.195     -12.634          TiO4C16H36+8H2->8C2H6+2OH2+TiO2
91   1.734758e-02 -392.340   -41.457  44   16.67  5.125   99.802  -1.538  101.535  106.603  -0.903  -1.960     1.052  -3.257    -0.195     142.992   3TiO4C16H36+16C2H6->16C5H12+6OH2+3TiO2
36   8.948443e-03 -393.461   -30.859  20   22.00  5.132  110.395   0.334  110.256  114.724  -1.030  -1.851     1.643  -3.230    -0.195     141.115       TiO4C16H36+8C2H6->8C4H10+2OH2+TiO2
26   6.943566e-03 -392.352   -39.840  18   20.00  5.146  121.387  -2.167  123.749  128.810  -0.573  -2.043     0.765  -3.210    -0.195     163.589      TiO4C16H36+7C3H8->7C5H12+2OCH4+TiO2
29   5.047447e-03 -391.994    42.087  14   20.00  5.104  127.599   4.787  123.007  126.204  -0.566  -1.895     3.042  -3.778    -0.195      80.920           TiO4C16H36+3H2->7C2H6+2OC+TiO2
120  3.617630e-03 -392.328    27.143  84   24.40  5.107   62.141  -9.489   71.825   78.076  -1.870  -3.112     2.714  -3.983    -0.195      44.682   5TiO4C16H36+18OCH4->42C2H6+14O2C+5TiO2
41   6.352972e-04 -392.248    33.764  20   26.00  5.109  174.464  -3.694  178.353  181.461  -0.210  -2.014     2.865  -3.749    -0.195     144.589         TiO4C16H36+6CH4->10C2H6+2OC+TiO2
115  4.117946e-04 -392.839    53.470  64   21.20  5.103  178.147 -12.180  190.522  193.847   0.180  -2.330     2.948  -4.123    -0.195     137.052      5TiO4C16H36+6OH2->32C2H6+16OC+5TiO2
39   3.543347e-04 -392.351   -52.144  20   22.00  5.160   86.957  -3.756   90.908   96.464  -0.801  -2.074     0.602  -3.283    -0.195     143.052       TiO4C16H36+8C3H8->8C5H12+2OH2+TiO2
88   1.468100e-04 -392.884    54.142  28   23.00  5.104  160.874 -14.162  175.231  178.718   0.101  -2.378     3.046  -4.256    -0.195     121.089      2TiO4C16H36+3OCH4->14C2H6+7OC+2TiO2
43   2.758109e-07 -393.281    73.428  16   26.00  5.103  231.397 -17.500  249.092  250.605   1.509  -1.854     3.283  -4.451    -0.195     175.664          TiO4C16H36+2O2C->6C2H6+6OC+TiO2




---------------------------------------------------------------------
10 reactions with the worst weights:
---------------------------------------------------------------------
           weight      dfH  drE_corr  dn  n+|dn|      u      drH    ddrH      drE  drE_CBS  drE_CV  drE_IT  drE_TPNO  drE_SR  ddrHconf  drE_HF_CBS                                reaction
43   2.758109e-07 -393.281    73.428  16   26.00  5.103  231.397 -17.500  249.092  250.605   1.509  -1.854     3.283  -4.451    -0.195     175.664         TiO4C16H36+2O2C->6C2H6+6OC+TiO2
88   1.468100e-04 -392.884    54.142  28   23.00  5.104  160.874 -14.162  175.231  178.718   0.101  -2.378     3.046  -4.256    -0.195     121.089     2TiO4C16H36+3OCH4->14C2H6+7OC+2TiO2
39   3.543347e-04 -392.351   -52.144  20   22.00  5.160   86.957  -3.756   90.908   96.464  -0.801  -2.074     0.602  -3.283    -0.195     143.052      TiO4C16H36+8C3H8->8C5H12+2OH2+TiO2
115  4.117946e-04 -392.839    53.470  64   21.20  5.103  178.147 -12.180  190.522  193.847   0.180  -2.330     2.948  -4.123    -0.195     137.052     5TiO4C16H36+6OH2->32C2H6+16OC+5TiO2
41   6.352972e-04 -392.248    33.764  20   26.00  5.109  174.464  -3.694  178.353  181.461  -0.210  -2.014     2.865  -3.749    -0.195     144.589        TiO4C16H36+6CH4->10C2H6+2OC+TiO2
120  3.617630e-03 -392.328    27.143  84   24.40  5.107   62.141  -9.489   71.825   78.076  -1.870  -3.112     2.714  -3.983    -0.195      44.682  5TiO4C16H36+18OCH4->42C2H6+14O2C+5TiO2
29   5.047447e-03 -391.994    42.087  14   20.00  5.104  127.599   4.787  123.007  126.204  -0.566  -1.895     3.042  -3.778    -0.195      80.920          TiO4C16H36+3H2->7C2H6+2OC+TiO2
26   6.943566e-03 -392.352   -39.840  18   20.00  5.146  121.387  -2.167  123.749  128.810  -0.573  -2.043     0.765  -3.210    -0.195     163.589     TiO4C16H36+7C3H8->7C5H12+2OCH4+TiO2
36   8.948443e-03 -393.461   -30.859  20   22.00  5.132  110.395   0.334  110.256  114.724  -1.030  -1.851     1.643  -3.230    -0.195     141.115      TiO4C16H36+8C2H6->8C4H10+2OH2+TiO2
91   1.734758e-02 -392.340   -41.457  44   16.67  5.125   99.802  -1.538  101.535  106.603  -0.903  -1.960     1.052  -3.257    -0.195     142.992  3TiO4C16H36+16C2H6->16C5H12+6OH2+3TiO2




---------------------------------------------------------------------
10 reactions with the worst dHf:
---------------------------------------------------------------------
           weight      dfH  drE_corr  dn  n+|dn|      u      drH    ddrH      drE  drE_CBS  drE_CV  drE_IT  drE_TPNO  drE_SR  ddrHconf  drE_HF_CBS                             reaction
22   7.893590e-02 -393.492    25.821  12    18.0  5.118  156.712  -6.786  163.693  167.221  -0.321  -2.110     2.681  -3.778    -0.195     137.872   TiO4C16H36+2C5H12->6C4H10+2OC+TiO2
36   8.948443e-03 -393.461   -30.859  20    22.0  5.132  110.395   0.334  110.256  114.724  -1.030  -1.851     1.643  -3.230    -0.195     141.115   TiO4C16H36+8C2H6->8C4H10+2OH2+TiO2
31   5.555271e-02 -393.323   -21.215  18    20.0  5.125  141.895   1.412  140.678  144.788  -0.774  -1.848     1.676  -3.164    -0.195     161.893  TiO4C16H36+7C2H6->7C4H10+2OCH4+TiO2
23   1.425066e-01 -393.287    18.510  12    18.0  5.117  146.427  -8.512  155.999  159.933  -0.275  -2.199     2.331  -3.791    -1.060     137.489   TiO4C16H36+2C5H12->6C4H10+2OC+TiO2
43   2.758109e-07 -393.281    73.428  16    26.0  5.103  231.397 -17.500  249.092  250.605   1.509  -1.854     3.283  -4.451    -0.195     175.664      TiO4C16H36+2O2C->6C2H6+6OC+TiO2
49   3.866452e-01 -393.252    18.473  16    14.0  5.105  156.930  -9.533  166.658  170.504  -0.225  -2.193     2.362  -3.790    -0.195     148.185     2TiO4C16H36->H2+7C4H10+4OC+2TiO2
109  3.881247e-01 -393.203    18.422  40    14.0  5.104  171.636 -10.963  181.581  185.306  -0.156  -2.186     2.405  -3.788     1.018     163.159  5TiO4C16H36->6H2+14C5H12+10OC+5TiO2
25   3.680324e-02 -393.188    32.975  12    18.0  5.110  169.212  -4.798  172.661  175.756  -0.353  -2.022     3.051  -3.771     1.349     139.686   TiO4C16H36+2C5H12->6C4H10+2OC+TiO2
19   4.445662e-01 -393.182    -5.965  12    16.0  5.116  110.581  -2.962  113.738  118.683  -1.151  -2.322     1.989  -3.461    -0.195     119.703    TiO4C16H36+3C3H8->6C4H10+O2C+TiO2
37   1.946131e-02 -393.175   -22.901  20    22.0  5.138  128.101   3.148  121.684  125.623  -0.988  -1.720     2.000  -3.231     3.269     144.585   TiO4C16H36+8C3H8->8C5H12+2OH2+TiO2
