---------------------------------------------------------------------
Results for m1_00_TiOtPn4-PBE0-D3-TZ_TiO2.all 

Average dfH = -413.99 

Uncertainty = 5.21
Computational contribution = 0.98
Experimental contribution = 5.11
---------------------------------------------------------------------
Number of reactions with all coeficients ≤  10 : 104  of  146
Parameters:
h1 = 7.58 
h2 = 33.21 

Summ of all weights = 38.51
---------------------------------------------------------------------
Average values and MSE of reaction characteristics:

                      Mean       St dev
          dfH      -413.99         0.49
     drE_corr        13.03        14.88
    n+dn_priv        14.68         2.42
          drH       123.55        26.98
         ddrH         0.05         8.88
          drE       123.46        31.99
      drE_CBS       127.60        31.82
       drE_IT        -2.07         0.33
       drE_CV        -0.99         0.42
       drE_SR        -3.31         0.23
   drE_HF_CBS       110.43        30.08
     ddrHconf         0.04         0.92
          u/2         2.56         0.00


---------------------------------------------------------------------
104 reactions with the best weights:
---------------------------------------------------------------------
           weight      dfH  drE_corr   dn  n+|dn|      u      drH    ddrH      drE  drE_CBS  drE_CV  drE_IT  drE_TPNO  drE_SR  ddrHconf  drE_HF_CBS                                reaction
0    1.000000e+00 -413.764    -0.099    8   12.00  5.113  106.742  -4.478  111.923  117.073  -1.142  -2.383     1.694  -3.319    -0.703     112.022         TiO4C20H44+CH4->4C5H12+O2C+TiO2
106  9.907489e-01 -413.656     3.710   38   11.60  5.112   96.814  -1.767   99.284  104.371  -1.235  -2.334     1.804  -3.322    -0.703      95.574     5TiO4C20H44+4H2->19C5H12+5O2C+5TiO2
126  9.861945e-01 -413.830     3.133   54   12.29  5.112   95.267  -6.173  102.143  107.603  -1.268  -2.532     1.748  -3.408    -0.703      99.010   7TiO4C20H44+4OCH4->27C5H12+9O2C+7TiO2
99   9.770930e-01 -413.830     5.141   30   12.00  5.111  104.372  -5.726  110.801  116.133  -1.193  -2.513     1.755  -3.381    -0.703     105.660    4TiO4C20H44+2OH2->15C5H12+5O2C+4TiO2
65   9.756596e-01 -413.831    -2.747   26   12.67  5.115  102.459  -5.227  108.389  113.685  -1.145  -2.413     1.589  -3.327    -0.703     111.136   3TiO4C20H44+4C2H6->13C5H12+3O2C+3TiO2
115  9.317048e-01 -413.046     5.727   56   13.20  5.111  102.229  13.652   89.280   93.060  -1.121  -1.639     1.999  -3.019    -0.703      83.553  5TiO4C20H44+18H2->18C5H12+10OCH4+5TiO2
8    9.037721e-01 -412.957    -2.013   12   14.00  5.113   66.583  14.070   53.216   57.325  -1.407  -1.616     1.999  -3.085    -0.703      55.229        TiO4C20H44+4H2->4C5H12+2OH2+TiO2
6    8.805071e-01 -413.834    -5.419   10   14.00  5.121   99.248  -5.782  105.733  111.150  -1.119  -2.441     1.477  -3.334    -0.703     111.152       TiO4C20H44+2C3H8->5C5H12+O2C+TiO2
64   8.429146e-01 -414.277    13.093   26   12.67  5.109  124.745  -1.488  125.060  129.480  -1.246  -2.221     2.346  -3.299     1.173     111.967   3TiO4C20H44+4C2H6->13C5H12+3O2C+3TiO2
1    8.278792e-01 -414.175    14.523    8   12.00  5.107  127.313  -1.026  127.310  131.653  -1.236  -2.206     2.392  -3.293     1.029     112.787         TiO4C20H44+CH4->4C5H12+O2C+TiO2
54   8.022465e-01 -413.996     5.038   26   15.00  5.110  170.047   5.336  163.465  166.622  -0.807  -1.663     2.290  -2.977     1.246     158.427    2TiO4C20H44+9CH4->9C5H12+4OCH4+2TiO2
3    7.871679e-01 -413.368    12.609   12   14.00  5.107   87.154  17.522   68.603   71.904  -1.500  -1.439     2.698  -3.060     1.029      55.994        TiO4C20H44+4H2->4C5H12+2OH2+TiO2
67   7.852441e-01 -414.041    15.771   22   12.67  5.111  130.002  -8.331  139.036  143.510  -0.567  -2.300     1.938  -3.545    -0.703     123.265      3TiO4C20H44->11C5H12+O2C+4OC+3TiO2
2    7.811246e-01 -414.348    12.858   10   14.00  5.112  124.962  -1.467  124.967  129.374  -1.236  -2.220     2.350  -3.301     1.462     112.109       TiO4C20H44+2C3H8->5C5H12+O2C+TiO2
83   7.706645e-01 -414.421    10.498   32   14.67  5.112  119.514  -2.231  122.448  127.005  -1.223  -2.271     2.227  -3.290    -0.703     111.950    3TiO4C20H44+7CH4->16C4H10+3O2C+3TiO2
127  7.616092e-01 -414.227    17.233   54   12.29  5.107  115.104  -2.844  116.981  121.662  -1.358  -2.361     2.421  -3.383     0.967      99.748   7TiO4C20H44+4OCH4->27C5H12+9O2C+7TiO2
107  7.589971e-01 -414.047    17.601   38   11.60  5.107  116.357   1.512  113.902  118.221  -1.324  -2.165     2.467  -3.297     0.943      96.301     5TiO4C20H44+4H2->19C5H12+5O2C+5TiO2
58   7.275087e-01 -413.533   -11.411   26   15.00  5.117  146.904   1.452  146.155  150.221  -0.701  -1.863     1.504  -3.006    -0.703     157.566    2TiO4C20H44+9CH4->9C5H12+4OCH4+2TiO2
98   7.263262e-01 -414.216    18.848   30   12.00  5.107  123.658  -2.490  125.227  129.801  -1.280  -2.347     2.410  -3.357     0.921     106.379    4TiO4C20H44+2OH2->15C5H12+5O2C+4TiO2
12   7.111075e-01 -414.012    -2.779   14   16.00  5.112  141.936   4.830  135.644  139.060  -1.057  -1.643     2.323  -3.039     1.462     138.423       TiO4C20H44+5CH4->5C5H12+2OH2+TiO2
102  7.106267e-01 -414.113    17.670   38   13.50  5.109   96.400   3.453   93.650   98.134  -1.419  -2.175     2.409  -3.299    -0.703      75.980     4TiO4C20H44+7H2->19C4H10+4O2C+4TiO2
118  6.959413e-01 -413.417    18.887   56   13.20  5.106  120.744  16.759  103.129  106.180  -1.205  -1.479     2.628  -2.995     0.856      84.242  5TiO4C20H44+18H2->18C5H12+10OCH4+5TiO2
116  6.631446e-01 -414.115    20.194   38   13.20  5.111  142.160  -9.086  151.949  156.077  -0.321  -2.219     2.004  -3.592    -0.703     131.755     5TiO4C20H44->18C5H12+OCH4+9OC+5TiO2
84   6.600183e-01 -414.150    16.857   32   14.67  5.105  130.624  -0.464  130.419  134.590  -1.251  -2.193     2.556  -3.283     0.669     113.562    3TiO4C20H44+7CH4->16C4H10+3O2C+3TiO2
15   6.194156e-01 -413.438    12.682   14   16.00  5.110   66.147  19.565   47.285   50.759  -1.600  -1.449     2.637  -3.062    -0.703      34.603        TiO4C20H44+5H2->5C4H10+2OH2+TiO2
59   5.929495e-01 -413.480    18.953   26   15.00  5.109  101.837  18.597   83.943   87.151  -1.295  -1.489     2.573  -2.997    -0.703      64.990     2TiO4C20H44+9H2->9C4H10+4OCH4+2TiO2
120  5.899515e-01 -414.233    21.802   40   14.00  5.111  146.596 -11.613  158.912  163.078  -0.232  -2.283     2.005  -3.656    -0.703     137.110     5TiO4C20H44->2H2+18C5H12+10OC+5TiO2
61   5.838617e-01 -414.742     5.863   26   17.00  5.118  111.066  -3.707  115.476  120.284  -1.248  -2.324     2.069  -3.305    -0.703     109.613   2TiO4C20H44+7C2H6->13C4H10+2O2C+2TiO2
101  5.768144e-01 -413.871    23.334   38   13.50  5.104  106.295   5.027  100.749  104.888  -1.443  -2.105     2.702  -3.293     0.519      77.415     4TiO4C20H44+7H2->19C4H10+4O2C+4TiO2
51   5.455891e-01 -414.179    23.706   16   14.00  5.110  141.632 -10.257  152.592  156.728  -0.279  -2.259     2.060  -3.658    -0.703     128.886       2TiO4C20H44->CH4+7C5H12+4OC+2TiO2
13   5.239459e-01 -413.184    18.644   14   16.00  5.105   76.563  21.222   54.757   57.869  -1.626  -1.376     2.945  -3.055     0.584      36.113        TiO4C20H44+5H2->5C4H10+2OH2+TiO2
74   5.147850e-01 -414.146    25.030   24   14.00  5.109  143.774  -9.883  154.360  158.423  -0.277  -2.244     2.112  -3.654    -0.703     129.330    3TiO4C20H44->2C2H6+10C5H12+6OC+3TiO2
60   5.109638e-01 -414.411    13.614   26   17.00  5.109  124.606  -1.553  125.189  129.527  -1.282  -2.229     2.470  -3.297     0.970     111.575   2TiO4C20H44+7C2H6->13C4H10+2O2C+2TiO2
18   4.907356e-01 -414.273     0.510   16   18.00  5.116  161.273   3.980  157.996  161.395  -0.793  -1.737     2.104  -2.973    -0.703     157.486      TiO4C20H44+6CH4->6C4H10+2OCH4+TiO2
25   4.892182e-01 -414.454    -1.397   16   18.00  5.120  158.490   3.259  153.336  156.842  -0.854  -1.730     2.082  -3.004     1.895     154.733     TiO4C20H44+6C2H6->6C5H12+2OCH4+TiO2
5    4.840905e-01 -414.144    26.366    8   14.00  5.107  145.379  -9.606  155.688  159.690  -0.290  -2.230     2.168  -3.650    -0.703     129.322        TiO4C20H44->C3H8+3C5H12+2OC+TiO2
55   4.813174e-01 -413.251    24.319   26   15.00  5.104  111.211  20.089   90.667   93.550  -1.318  -1.423     2.850  -2.992     0.455      66.348     2TiO4C20H44+9H2->9C4H10+4OCH4+2TiO2
14   4.773761e-01 -413.497   -21.056   14   16.00  5.121  116.221   0.515  116.409  120.835  -0.940  -1.865     1.450  -3.071    -0.703     137.465       TiO4C20H44+5CH4->5C5H12+2OH2+TiO2
20   4.670351e-01 -413.968     7.664   16   18.00  5.107  173.772   5.968  166.963  169.928  -0.824  -1.649     2.474  -2.966     0.841     159.299      TiO4C20H44+6CH4->6C4H10+2OCH4+TiO2
30   4.574867e-01 -413.271    -8.046   14   18.00  5.146   97.163  -6.163  104.029  109.625  -1.081  -2.467     1.293  -3.341    -0.703     112.075      TiO4C20H44+4C4H10->7C5H12+O2C+TiO2
66   4.556568e-01 -414.418    29.174   22   12.67  5.106  148.860  -5.166  153.141  156.874  -0.652  -2.138     2.578  -3.521     0.885     123.967      3TiO4C20H44->11C5H12+O2C+4OC+3TiO2
10   4.542567e-01 -414.426    27.680    8   14.00  5.105  146.422  -9.415  156.540  160.453  -0.309  -2.217     2.260  -3.647    -0.703     128.860      TiO4C20H44->2C4H10+2C5H12+2OC+TiO2
24   4.217136e-01 -414.194    12.772   14   18.00  5.126  124.830  -1.447  124.978  129.448  -1.224  -2.216     2.270  -3.300     1.299     112.206      TiO4C20H44+4C4H10->7C5H12+O2C+TiO2
28   4.185029e-01 -413.474   -12.816   14   18.00  5.143   88.830  -7.489   98.051  103.936  -1.060  -2.526     1.047  -3.346    -1.732     110.867      TiO4C20H44+4C4H10->7C5H12+O2C+TiO2
4    4.011086e-01 -414.324    30.064    8   14.00  5.104  150.588  -8.752  159.528  163.296  -0.320  -2.187     2.383  -3.644    -0.188     129.464      TiO4C20H44->2C4H10+2C5H12+2OC+TiO2
26   3.694610e-01 -413.991    17.542   14   18.00  5.129  133.163  -0.122  130.957  135.138  -1.245  -2.157     2.516  -3.295     2.328     113.415      TiO4C20H44+4C4H10->7C5H12+O2C+TiO2
110  3.546445e-01 -413.980     0.139   52   19.33  5.108  146.074   5.532  139.530  142.733  -1.077  -1.627     2.527  -3.026     1.012     139.391   3TiO4C20H44+20CH4->20C4H10+6OH2+3TiO2
117  3.507190e-01 -414.485    33.354   38   13.20  5.106  160.674  -5.979  165.797  169.197  -0.405  -2.059     2.633  -3.569     0.856     132.443     5TiO4C20H44->18C5H12+OCH4+9OC+5TiO2
105  3.341279e-01 -414.319    -7.810   52   19.33  5.119  132.187   3.323  129.567  133.253  -1.042  -1.725     2.116  -3.035    -0.703     137.377   3TiO4C20H44+20CH4->20C4H10+6OH2+3TiO2
109  3.223018e-01 -414.520    -9.929   52   19.33  5.124  129.094   2.522  124.388  128.193  -1.110  -1.717     2.091  -3.069     2.184     134.317  3TiO4C20H44+20C2H6->20C5H12+6OH2+3TiO2
119  3.002817e-01 -414.604    34.961   40   14.00  5.106  165.111  -8.506  172.761  176.200  -0.316  -2.124     2.634  -3.633     0.856     137.800     5TiO4C20H44->2H2+18C5H12+10OC+5TiO2
11   2.999458e-01 -414.632    34.991    8   14.00  5.104  156.708  -7.689  164.234  167.743  -0.356  -2.128     2.609  -3.634     0.163     129.243      TiO4C20H44->2C4H10+2C5H12+2OC+TiO2
23   2.976694e-01 -413.836   -23.330   16   18.00  5.133  127.632  -1.919  130.254  134.972  -0.714  -1.995     1.034  -3.043    -0.703     153.584     TiO4C20H44+6C2H6->6C5H12+2OCH4+TiO2
95   2.939190e-01 -414.755    32.978   28   15.33  5.109  152.808  -8.291  161.802  165.419  -0.350  -2.161     2.526  -3.632    -0.703     128.824     3TiO4C20H44+2CH4->14C4H10+6OC+3TiO2
17   2.889019e-01 -414.846    31.654   10   16.00  5.110  150.394  -8.713  159.810  163.499  -0.357  -2.176     2.481  -3.637    -0.703     128.156        TiO4C20H44+C2H6->5C4H10+2OC+TiO2
52   2.717820e-01 -414.540    36.500   16   14.00  5.106  159.633  -7.237  166.057  169.484  -0.360  -2.103     2.671  -3.635     0.813     129.557       2TiO4C20H44->CH4+7C5H12+4OC+2TiO2
57   2.700897e-01 -414.666    35.027   18   15.00  5.108  146.204  -6.667  153.574  157.169  -0.406  -2.133     2.579  -3.635    -0.703     118.547        2TiO4C20H44+H2->9C4H10+4OC+2TiO2
70   2.592004e-01 -414.489    37.215   24   14.00  5.105  160.917  -7.006  167.183  170.572  -0.355  -2.096     2.694  -3.632     0.740     129.968    3TiO4C20H44->2C2H6+10C5H12+6OC+3TiO2
7    2.572420e-01 -414.453    37.333    8   14.00  5.104  160.808  -7.016  167.228  170.624  -0.360  -2.097     2.692  -3.631     0.596     129.895        TiO4C20H44->C3H8+3C5H12+2OC+TiO2
9    2.566117e-01 -414.530    37.375    8   14.00  5.103  160.874  -7.026  167.222  170.586  -0.366  -2.099     2.732  -3.631     0.678     129.847      TiO4C20H44->2C4H10+2C5H12+2OC+TiO2
100  2.451745e-01 -413.091    32.618   38   16.67  5.105   89.107  10.946   78.864   82.904  -1.603  -1.992     2.839  -3.284    -0.703      46.246     3TiO4C20H44+10H2->19C3H8+3O2C+3TiO2
113  2.222623e-01 -414.815    37.037   36   15.50  5.108  151.750  -9.825  162.278  165.922  -0.294  -2.214     2.579  -3.715    -0.703     125.241     4TiO4C20H44+OCH4->18C4H10+9OC+4TiO2
133  2.200906e-01 -414.803    37.510   80   15.33  5.108  155.099  -9.582  165.384  168.993  -0.273  -2.209     2.572  -3.699    -0.703     127.874    9TiO4C20H44+2OH2->40C4H10+20OC+9TiO2
19   2.135109e-01 -414.989    30.307   12   18.00  5.115  148.507  -9.034  158.244  161.979  -0.347  -2.191     2.443  -3.640    -0.703     127.937       TiO4C20H44+2C3H8->6C4H10+2OC+TiO2
91   2.052935e-01 -414.517    38.542   28   15.33  5.104  162.529  -6.745  168.776  172.055  -0.374  -2.092     2.814  -3.627     0.498     130.234     3TiO4C20H44+2CH4->14C4H10+6OC+3TiO2
16   1.990541e-01 -414.592    37.616   10   16.00  5.105  160.810  -7.056  167.282  170.608  -0.383  -2.102     2.790  -3.631     0.584     129.666        TiO4C20H44+C2H6->5C4H10+2OC+TiO2
31   1.957776e-01 -413.483    21.183   16   20.00  5.108  136.717   0.737  136.683  140.765  -1.233  -2.151     2.562  -3.260    -0.703     115.500         TiO4C20H44+5CH4->8C3H8+O2C+TiO2
56   1.874222e-01 -414.438    40.393   18   15.00  5.104  155.578  -5.176  160.299  163.568  -0.429  -2.067     2.856  -3.629     0.455     119.906        2TiO4C20H44+H2->9C4H10+4OC+2TiO2
29   1.823965e-01 -412.512    33.114   16   18.00  5.105   94.928  25.696   69.935   72.723  -1.469  -1.316     2.980  -2.983    -0.703      36.821        TiO4C20H44+6H2->6C3H8+2OCH4+TiO2
111  1.706660e-01 -412.363    28.417   52   19.33  5.106   58.470  27.452   31.721   34.729  -1.794  -1.257     3.089  -3.046    -0.703       3.304     3TiO4C20H44+20H2->20C3H8+6OH2+3TiO2
114  1.512577e-01 -414.586    42.402   36   15.50  5.104  161.124  -8.334  169.003  172.321  -0.318  -2.148     2.857  -3.709     0.455     126.601     4TiO4C20H44+OCH4->18C4H10+9OC+4TiO2
134  1.498586e-01 -414.577    42.809   80   15.33  5.104  164.358  -8.109  172.026  175.313  -0.296  -2.144     2.846  -3.693     0.441     129.217    9TiO4C20H44+2OH2->40C4H10+20OC+9TiO2
22   1.441971e-01 -413.820    36.820   12   18.00  5.105  119.744  -5.560  126.007  131.081  -1.412  -2.728     2.589  -3.523    -0.703      89.187        TiO4C20H44+2OH2->6C3H8+2O2C+TiO2
21   1.379959e-01 -414.684    37.461   12   18.00  5.107  161.006  -7.045  167.210  170.511  -0.379  -2.103     2.813  -3.632     0.841     129.749       TiO4C20H44+2C3H8->6C4H10+2OC+TiO2
124  1.361999e-01 -414.888    41.970   48   16.40  5.108  166.126 -10.716  177.545  180.784  -0.000  -2.116     2.646  -3.769    -0.703     135.575    5TiO4C20H44+2O2C->22C4H10+14OC+5TiO2
108  1.205357e-01 -413.834   -34.299   52   19.33  5.140   94.808  -3.231   98.742  103.893  -0.954  -2.012     0.927  -3.112    -0.703     133.041  3TiO4C20H44+20C2H6->20C5H12+6OH2+3TiO2
123  1.163095e-01 -413.815    31.998   54   20.00  5.106   81.831  -7.491   90.025   95.631  -1.770  -2.838     2.663  -3.661    -0.703      58.027   4TiO4C20H44+10OCH4->27C3H8+9O2C+4TiO2
125  8.924394e-02 -414.664    47.217   48   16.40  5.104  175.292  -9.258  184.121  187.042  -0.023  -2.052     2.918  -3.764     0.429     136.904    5TiO4C20H44+2O2C->22C4H10+14OC+5TiO2
36   6.866218e-02 -414.640    -0.676   22   24.00  5.122  158.298   3.168  153.517  156.911  -0.904  -1.741     2.253  -3.002     1.613     154.193     TiO4C20H44+9C2H6->9C4H10+2OCH4+TiO2
40   6.794359e-02 -415.242     1.149   20   24.00  5.147  104.461  -4.829  109.993  114.967  -1.215  -2.377     1.934  -3.316    -0.703     108.844      TiO4C20H44+7C3H8->10C4H10+O2C+TiO2
35   6.762825e-02 -414.775    -2.454   22   24.00  5.148  159.468   3.353  152.921  156.369  -0.809  -1.725     2.100  -3.014     3.194     155.375     TiO4C20H44+9C3H8->9C5H12+2OCH4+TiO2
37   6.061930e-02 -415.097   -11.407   22   24.00  5.140  139.549   0.186  140.066  144.110  -0.857  -1.873     1.699  -3.013    -0.703     151.473     TiO4C20H44+9C2H6->9C4H10+2OCH4+TiO2
38   5.983287e-02 -413.218    12.530   22   24.00  5.111  180.627   7.319  174.011  176.875  -0.804  -1.601     2.481  -2.940    -0.703     161.481       TiO4C20H44+9CH4->9C3H8+2OCH4+TiO2
42   5.878535e-02 -414.733    13.072   20   24.00  5.124  125.292  -1.515  124.937  129.187  -1.267  -2.230     2.551  -3.304     1.870     111.865      TiO4C20H44+7C3H8->10C4H10+O2C+TiO2
32   5.798331e-02 -413.934    42.327   14   20.00  5.106  167.861  -5.694  174.258  177.458  -0.358  -2.055     2.819  -3.606    -0.703     131.931         TiO4C20H44+3CH4->7C3H8+2OC+TiO2
27   5.495750e-02 -413.699    49.189   12   18.00  5.105  139.295   0.431  139.567  142.742  -0.580  -1.960     2.986  -3.621    -0.703      90.378          TiO4C20H44+2H2->6C3H8+2OC+TiO2
43   2.635121e-02 -413.147     5.546   24   26.00  5.114  153.691   7.034  147.360  150.452  -1.054  -1.575     2.535  -2.998    -0.703     141.814      TiO4C20H44+10CH4->10C3H8+2OH2+TiO2
47   2.500727e-02 -414.727    -9.128   24   26.00  5.126  128.881   2.422  124.589  128.268  -1.165  -1.730     2.282  -3.066     1.870     133.717    TiO4C20H44+10C2H6->10C4H10+2OH2+TiO2
49   2.380946e-02 -414.877   -11.104   24   26.00  5.159  130.181   2.627  123.927  127.668  -1.060  -1.712     2.111  -3.080     3.627     135.031    TiO4C20H44+10C3H8->10C5H12+2OH2+TiO2
34   2.165800e-02 -413.848   -35.353   22   24.00  5.176  113.181  -4.415  118.299  123.566  -0.599  -2.124     0.528  -3.072    -0.703     153.652     TiO4C20H44+9C3H8->9C5H12+2OCH4+TiO2
48   1.788409e-02 -415.235   -21.052   24   26.00  5.149  108.049  -0.892  109.644  114.046  -1.113  -1.876     1.666  -3.079    -0.703     130.696    TiO4C20H44+10C2H6->10C4H10+2OH2+TiO2
132  1.752359e-02 -414.271    58.091   80   19.14  5.104  173.934 -11.149  185.786  189.033  -0.060  -2.261     2.941  -3.867    -0.703     127.695     7TiO4C20H44+6OH2->40C3H8+20OC+7TiO2
33   1.511440e-02 -414.292    57.226   12   20.00  5.105  161.478 -12.201  174.382  177.751  -0.136  -2.282     2.989  -3.940    -0.703     117.156         TiO4C20H44+OCH4->6C3H8+3OC+TiO2
89   1.111916e-02 -412.405    49.717   38   23.00  5.107   56.593  22.887   34.409   38.010  -1.881  -1.769     3.332  -3.283    -0.703     -15.308     2TiO4C20H44+13H2->19C2H6+2O2C+2TiO2
39   7.618027e-03 -411.862    49.313   22   24.00  5.107   64.125  37.009   27.819   30.191  -1.733  -1.104     3.447  -2.982    -0.703     -21.494        TiO4C20H44+9H2->9C2H6+2OCH4+TiO2
45   7.116095e-03 -414.132    38.389   20   26.00  5.116  159.830  -7.110  167.643  171.097  -0.405  -2.101     2.674  -3.622    -0.703     129.254       TiO4C20H44+6C2H6->10C3H8+2OC+TiO2
50   3.850684e-03 -411.640    46.416   24   26.00  5.108   24.244  40.022  -15.075  -12.530  -2.086  -1.022     3.608  -3.045    -0.703     -61.491       TiO4C20H44+10H2->10C2H6+2OH2+TiO2
46   3.351142e-03 -413.848   -47.658   24   26.00  5.193   78.752  -6.004   85.459   91.220  -0.827  -2.155     0.365  -3.144    -0.703     133.117    TiO4C20H44+10C3H8->10C5H12+2OH2+TiO2
143  2.786356e-03 -413.825    55.849  120   24.86  5.106  116.668  -8.934  126.305  131.867  -1.499  -3.156     2.819  -3.726    -0.703      70.456   7TiO4C20H44+26OH2->60C2H6+20O2C+7TiO2
41   1.431426e-03 -413.049    65.388   18   24.00  5.107  108.492  11.744   97.451  100.210  -0.843  -1.749     3.453  -3.620    -0.703      32.063          TiO4C20H44+5H2->9C2H6+2OC+TiO2
88   7.260922e-04 -414.610    74.044   28   23.00  5.104  214.577 -15.341  230.621  232.498   0.954  -1.912     3.206  -4.125    -0.703     156.577     2TiO4C20H44+3O2C->11C3H8+10OC+2TiO2
44   4.285561e-05 -414.457    84.360   16   26.00  5.105  192.739 -16.534  209.976  212.950   0.399  -2.475     3.297  -4.195    -0.703     125.616         TiO4C20H44+2OH2->8C2H6+4OC+TiO2
112  6.842963e-06 -414.533    85.481   36   29.00  5.107  163.951 -19.837  184.491  187.734   0.268  -2.554     3.460  -4.417    -0.703      99.010     2TiO4C20H44+5OCH4->18C2H6+9OC+2TiO2
128  5.753874e-10 -415.195   117.623   64   34.00  5.105  281.489 -25.401  307.593  307.545   2.615  -1.681     3.855  -4.741    -0.703     189.970    3TiO4C20H44+10O2C->22C2H6+26OC+3TiO2




---------------------------------------------------------------------
10 reactions with the worst weights:
---------------------------------------------------------------------
           weight      dfH  drE_corr   dn  n+|dn|      u      drH    ddrH      drE  drE_CBS  drE_CV  drE_IT  drE_TPNO  drE_SR  ddrHconf  drE_HF_CBS                               reaction
128  5.753874e-10 -415.195   117.623   64   34.00  5.105  281.489 -25.401  307.593  307.545   2.615  -1.681     3.855  -4.741    -0.703     189.970   3TiO4C20H44+10O2C->22C2H6+26OC+3TiO2
112  6.842963e-06 -414.533    85.481   36   29.00  5.107  163.951 -19.837  184.491  187.734   0.268  -2.554     3.460  -4.417    -0.703      99.010    2TiO4C20H44+5OCH4->18C2H6+9OC+2TiO2
44   4.285561e-05 -414.457    84.360   16   26.00  5.105  192.739 -16.534  209.976  212.950   0.399  -2.475     3.297  -4.195    -0.703     125.616        TiO4C20H44+2OH2->8C2H6+4OC+TiO2
88   7.260922e-04 -414.610    74.044   28   23.00  5.104  214.577 -15.341  230.621  232.498   0.954  -1.912     3.206  -4.125    -0.703     156.577    2TiO4C20H44+3O2C->11C3H8+10OC+2TiO2
41   1.431426e-03 -413.049    65.388   18   24.00  5.107  108.492  11.744   97.451  100.210  -0.843  -1.749     3.453  -3.620    -0.703      32.063         TiO4C20H44+5H2->9C2H6+2OC+TiO2
143  2.786356e-03 -413.825    55.849  120   24.86  5.106  116.668  -8.934  126.305  131.867  -1.499  -3.156     2.819  -3.726    -0.703      70.456  7TiO4C20H44+26OH2->60C2H6+20O2C+7TiO2
46   3.351142e-03 -413.848   -47.658   24   26.00  5.193   78.752  -6.004   85.459   91.220  -0.827  -2.155     0.365  -3.144    -0.703     133.117   TiO4C20H44+10C3H8->10C5H12+2OH2+TiO2
50   3.850684e-03 -411.640    46.416   24   26.00  5.108   24.244  40.022  -15.075  -12.530  -2.086  -1.022     3.608  -3.045    -0.703     -61.491      TiO4C20H44+10H2->10C2H6+2OH2+TiO2
45   7.116095e-03 -414.132    38.389   20   26.00  5.116  159.830  -7.110  167.643  171.097  -0.405  -2.101     2.674  -3.622    -0.703     129.254      TiO4C20H44+6C2H6->10C3H8+2OC+TiO2
39   7.618027e-03 -411.862    49.313   22   24.00  5.107   64.125  37.009   27.819   30.191  -1.733  -1.104     3.447  -2.982    -0.703     -21.494       TiO4C20H44+9H2->9C2H6+2OCH4+TiO2




---------------------------------------------------------------------
10 reactions with the worst dHf:
---------------------------------------------------------------------
           weight      dfH  drE_corr  dn  n+|dn|      u      drH    ddrH      drE  drE_CBS  drE_CV  drE_IT  drE_TPNO  drE_SR  ddrHconf  drE_HF_CBS                              reaction
40   6.794359e-02 -415.242     1.149  20   24.00  5.147  104.461  -4.829  109.993  114.967  -1.215  -2.377     1.934  -3.316    -0.703     108.844    TiO4C20H44+7C3H8->10C4H10+O2C+TiO2
48   1.788409e-02 -415.235   -21.052  24   26.00  5.149  108.049  -0.892  109.644  114.046  -1.113  -1.876     1.666  -3.079    -0.703     130.696  TiO4C20H44+10C2H6->10C4H10+2OH2+TiO2
128  5.753874e-10 -415.195   117.623  64   34.00  5.105  281.489 -25.401  307.593  307.545   2.615  -1.681     3.855  -4.741    -0.703     189.970  3TiO4C20H44+10O2C->22C2H6+26OC+3TiO2
37   6.061930e-02 -415.097   -11.407  22   24.00  5.140  139.549   0.186  140.066  144.110  -0.857  -1.873     1.699  -3.013    -0.703     151.473   TiO4C20H44+9C2H6->9C4H10+2OCH4+TiO2
19   2.135109e-01 -414.989    30.307  12   18.00  5.115  148.507  -9.034  158.244  161.979  -0.347  -2.191     2.443  -3.640    -0.703     127.937     TiO4C20H44+2C3H8->6C4H10+2OC+TiO2
124  1.361999e-01 -414.888    41.970  48   16.40  5.108  166.126 -10.716  177.545  180.784  -0.000  -2.116     2.646  -3.769    -0.703     135.575  5TiO4C20H44+2O2C->22C4H10+14OC+5TiO2
49   2.380946e-02 -414.877   -11.104  24   26.00  5.159  130.181   2.627  123.927  127.668  -1.060  -1.712     2.111  -3.080     3.627     135.031  TiO4C20H44+10C3H8->10C5H12+2OH2+TiO2
17   2.889019e-01 -414.846    31.654  10   16.00  5.110  150.394  -8.713  159.810  163.499  -0.357  -2.176     2.481  -3.637    -0.703     128.156      TiO4C20H44+C2H6->5C4H10+2OC+TiO2
113  2.222623e-01 -414.815    37.037  36   15.50  5.108  151.750  -9.825  162.278  165.922  -0.294  -2.214     2.579  -3.715    -0.703     125.241   4TiO4C20H44+OCH4->18C4H10+9OC+4TiO2
133  2.200906e-01 -414.803    37.510  80   15.33  5.108  155.099  -9.582  165.384  168.993  -0.273  -2.209     2.572  -3.699    -0.703     127.874  9TiO4C20H44+2OH2->40C4H10+20OC+9TiO2
